Ha Filament statistics for:
               Date : 20000802_143102
        Julian Date : 2451759.1049
        Observatory : BBSO
Sun radius [pixels] :  970.00
Sun radius [arcsec] :  945.70
         Area Units : millihemisphere
       Length Units : milliRs

  #   Area   A_rat   Xp   Yp    Lat   Long     Ang  Len #Brb #R  #L Chir   Track: jday   YYYYMMDD_hhmmss  FW/MR/SP
--------------------------------------------------------------------------------------------------------------------
  1  0.0866  0.33    81 -679  -38.36   6.09  -75.5   36   1   0   0   0      NEW
  2  0.0984  0.43  -613 -653  -38.93 -54.19    0.0   35   2   0   2   1      NEW
  3  0.4976  0.10   260 -586  -31.41  18.24   18.5  140   2   0   2   1    2451758.1689  20000801_160315  FW  3
  4  0.3129  0.18  -312 -506  -25.80 -20.85  -15.9  167   2   1   1   0      NEW
  5  1.5268  0.10   665 -449  -23.64  48.28   31.9  371   8   4   3   0    2451758.1689  20000801_160315  FW  4
  6  0.1499  0.17   -82 -460  -22.29  -5.22  -32.6   90   0   0   0   0      NEW
  7  0.3271  0.23   386 -449  -22.14  25.34   40.4   77   2   1   1   0    2451758.1689  20000801_160315  FW  5
  8  0.0917  0.24  -576 -439  -22.33 -39.79   47.8   91   0   0   0   0    2451758.1689  20000801_160315  FW  7
  9  0.5697  0.18  -800 -399  -21.59 -62.30   85.5  123   3   1   0   0      NEW
 10  0.1248  0.13   593 -419  -21.08  40.78   35.0   59   1   1   0   0      NEW
 11  0.0917  0.16   183 -359  -15.82  11.26   46.0   46   1   0   1   0      NEW
 12  0.1773  0.23    47 -279  -10.73   2.81  -74.6   91   1   0   1   0      NEW
 13  0.2679  0.15  -316 -184   -5.29 -19.01   57.8   84   3   0   3   1    2451758.1689  20000801_160315  FW 12
 14  0.0687  0.24  -700 -188   -7.09 -46.47  -73.2   36   1   1   0   0      NEW
 15  0.2662  0.38  -180 -157   -3.46 -10.67   20.8   68   2   1   1   0    2451758.1689  20000801_160315  FW 11
 16  0.6106  0.15  -818  -96   -2.49 -57.36  -25.9  164   2   1   1   0    2451758.1689  20000801_160315  FW 13
 17  2.9781  0.25  -596  119   11.66 -38.69  -65.5  318   6   2   2   0    2451758.1689  20000801_160315  FW 14
 18  0.2145  0.29   324   95   11.17  19.82  -31.0  149   2   1   1   0    2451758.1689  20000801_160315  FW 16
 19  0.2720  0.23   -26  136   13.94  -1.58  -62.2  131   0   0   0   0    2451758.1689  20000801_160315  FW 15
 20  0.0900  0.14  -230  117   12.65 -14.00  -55.4   51   0   0   0   0      NEW
 21  0.0792  0.16   782  136   11.46  55.13   45.7   47   1   0   1   0      NEW
 22  0.1049  0.32   507  128   12.58  32.24  -11.2   35   1   1   0   0      NEW
 23  0.3853  0.21   362  194   16.96  22.86  -23.7  244   2   1   1   0    2451758.1689  20000801_160315  FW 20
 24  0.4905  0.08    77  250   20.77   4.85  -52.5  153   2   2   0  -1    2451758.1689  20000801_160315  FW 18
 25  0.0839  0.13  -276  224   18.95 -17.43  -48.3   50   0   0   0   0    2451758.1689  20000801_160315  FW 21
 26  0.6414  0.12   -62  284   22.85  -3.96  -28.6  221   2   0   2   1    2451758.1689  20000801_160315  FW 22
 27  0.1022  0.23  -371  228   18.97 -23.75   -7.3   89   0   0   0   0      NEW
 28  2.0718  0.13   775  361   24.74  61.38  -31.4  345   3   2   1   0    2451758.1689  20000801_160315  MR 17 26
 29  0.5727  0.19  -427  296   22.93 -28.43    6.0  219   2   1   1   0    2451758.1689  20000801_160315  FW 23
 30  0.3200  0.12  -716  359   25.19 -54.45  -12.1  107   1   0   1   0      NEW
 31  0.1394  0.31  -332  364   27.44 -22.59    3.3   48   2   0   0   0      NEW
 32  0.2754  0.12  -603  424   30.05 -45.73   83.3   96   2   2   0  -1    2451758.1689  20000801_160315  FW 24
 33  0.1367  0.15  -452  437   31.69 -33.07  -38.0   60   2   1   1   0      NEW
 34  0.1127  0.32  -125  592   43.29 -10.16   -3.3   39   1   0   1   0      NEW


Ha Filament statistics for:
               Date : 20000805_161017
        Julian Date : 2451762.1738
        Observatory : BBSO
Sun radius [pixels] :  970.00
Sun radius [arcsec] :  946.10
         Area Units : millihemisphere
       Length Units : milliRs

  #   Area   A_rat   Xp   Yp    Lat   Long     Ang  Len #Brb #R  #L Chir   Track: jday   YYYYMMDD_hhmmss  FW/MR/SP
--------------------------------------------------------------------------------------------------------------------
  1  0.1516  0.45   -51 -893  -60.69  -6.16   -1.7   36   1   0   1   0      NEW
  2  0.1461  0.26  -149 -648  -35.74 -10.87   12.5   47   0   0   0   0    2451761.1166  20000804_144750  FW  1
  3  0.5711  0.52  -531 -586  -32.48 -40.33  -69.7   71   3   0   2   1    2451761.1166  20000804_144750  FW  3
  4  0.3072  0.43   726 -556  -32.21  62.03   36.1  173   3   2   1   0    2451761.1166  20000804_144750  FW  2
  5  1.6983  0.07  -361 -485  -24.31 -24.01   37.2  330   9   4   4   0    2451761.1166  20000804_144750  FW  4
  6  0.1952  0.30   302 -542  -28.12  20.60   17.9   50   2   0   1   0    2451761.1166  20000804_144750  FW  5
  7  0.1140  0.22   -29 -471  -22.80  -1.85   22.3   87   0   0   0   0      NEW
  8  0.2913  0.17   503 -448  -22.37  33.98  -10.9  137   3   0   3   1    2451761.1166  20000804_144750  FW  6
  9  0.1556  0.17  -696 -449  -23.78 -51.46   58.3  124   2   1   1   0    2451761.1166  20000804_144750  FW  9
 10  0.2777  0.08   831 -403  -22.30  67.61   67.4  115   2   1   1   0    2451761.1166  20000804_144750  FW  7
 11  0.2037  0.23  -755 -352  -17.75 -54.62   29.6  159   3   1   2   0      NEW
 12  0.1012  0.09  -261 -329  -13.86 -16.02   86.4   68   0   0   0   0      NEW
 13  0.3156  0.20  -580 -314  -14.02 -37.90  -59.6  124   4   1   3   1    2451761.1166  20000804_144750  FW 11
 14  0.1526  0.12   -82 -279  -10.54  -4.91   85.0   74   2   1   0   0    2451761.1166  20000804_144750  FW 10
 15  0.2849  0.33   489 -156   -3.93  30.22  -84.0  111   2   1   1   0    2451761.1166  20000804_144750  FW 12
 16  0.7514  0.12  -322 -154   -3.32 -19.34    0.9  221   6   2   4   1    2451761.1166  20000804_144750  MR 14 15
 17  2.8248  0.12    46  115   12.90   2.78   85.4  481   7   4   2  -1    2451761.1166  20000804_144750  MR 16 26
 18  0.1803  0.13   267   22    7.19  16.03   74.0   73   2   1   0   0      NEW
 19  0.1837  0.10   427  106   11.74  26.60    0.8   96   0   0   0   0    2451761.1166  20000804_144750  FW 18
 20  0.0995  0.17  -772  128   11.20 -54.01  -83.7   51   1   0   1   0      NEW
 21  0.1570  0.07   594  161   14.31  39.03  -67.9  102   0   0   0   0    2451761.1166  20000804_144750  FW 17
 22  0.2253  0.11   407  176   15.94  25.76  -34.4   91   0   0   0   0    2451761.1166  20000804_144750  SP 21
 23  0.5907  0.14   642  274   20.75  44.87  -59.7  260   0   0   0   0    2451761.1166  20000804_144750  FW 22
 24  0.0890  0.41   869  199   14.25  67.31   -8.7   30   0   0   0   0    2451761.1166  20000804_144750  FW 19
 25  0.2101  0.25   783  245   17.93  57.81  -69.4   95   1   0   0   0    2451761.1166  20000804_144750  FW 20
 26  0.1238  0.16  -388  216   18.39 -24.82  -19.1   56   0   0   0   0    2451761.1166  20000804_144750  FW 24
 27  0.7818  0.15   277  276   22.30  17.90  -12.4  165   5   4   1  -1    2451761.1166  20000804_144750  SP 21
 28  0.1617  0.10   541  293   22.46  36.97  -26.1   82   0   0   0   0    2451761.1166  20000804_144750  FW 25
 29  0.5575  0.11  -157  322   25.34 -10.27  -29.1  204   4   1   1   0    2451761.1166  20000804_144750  FW 27
 30  0.1725  0.23   299  355   27.15  20.18  -10.9   98   0   0   0   0    2451761.1166  20000804_144750  FW 28
 31  0.3603  0.30  -443  410   30.17 -31.76   -6.7  108   3   1   2   0    2451761.1166  20000804_144750  FW 30
 32  0.1187  0.55  -229  397   29.97 -15.75  -69.9   29   2   2   0  -1      NEW
 33  0.1005  0.24    45  422   31.79   3.12  -25.9   41   0   0   0   0    2451761.1166  20000804_144750  FW 31
 34  0.1448  0.24  -487  516   36.89 -38.74  -71.2   51   0   0   0   0      NEW
 35  0.0548  0.24  -459  641   45.87 -42.67   75.1   30   1   0   1   0      NEW
 36  0.0934  0.46  -148  918   76.07 -39.27   65.4   27   1   1   0   0      NEW


Ha Filament statistics for:
               Date : 20000808_144901
        Julian Date : 2451765.1174
        Observatory : BBSO
Sun radius [pixels] :  970.00
Sun radius [arcsec] :  946.52
         Area Units : millihemisphere
       Length Units : milliRs

  #   Area   A_rat   Xp   Yp    Lat   Long     Ang  Len #Brb #R  #L Chir   Track: jday   YYYYMMDD_hhmmss  FW/MR/SP
--------------------------------------------------------------------------------------------------------------------
  1  0.1306  0.16   372 -655  -36.85  28.54   18.9   58   1   0   1   0    2451764.1053  20000807_143142  FW  1
  2  0.4401  0.11  -288 -534  -27.34 -19.45   23.7  181   3   0   3   1    2451764.1053  20000807_143142  FW  2
  3  0.1269  0.29  -691 -572  -32.88 -57.86  -21.8   43   0   0   0   0      NEW
  4  0.8684  0.15   210 -525  -26.52  13.95   21.7  152   3   1   1   0    2451764.1053  20000807_143142  FW  3
  5  0.6306  0.08  -510 -497  -25.64 -35.55   38.9  176   8   3   4   0      NEW
  6  0.2297  0.20   771 -516  -29.70  66.04   29.1   67   0   0   0   0    2451764.1053  20000807_143142  FW  4
  7  0.2943  0.16  -229 -374  -16.47 -14.19   43.5  160   3   1   2   0    2451764.1053  20000807_143142  MR  7  8
  8  0.3346  0.18  -368 -327  -13.82 -22.90   30.1  162   3   2   1   0      NEW
  9  0.1116  0.18   112 -352  -14.92   6.83   -4.8   50   3   1   2   0    2451764.1053  20000807_143142  FW  9
 10  0.3082  0.09   565 -226   -8.33  35.92   64.1  124   1   1   0   0      NEW
 11  1.2030  0.38  -615 -185   -6.10 -39.45   70.4  249   6   2   3   0    2451764.1053  20000807_143142  MR 12 13
 12  0.1553  0.22   170 -186   -4.79  10.08  -34.1   47   2   2   0  -1    2451764.1053  20000807_143142  SP 15
 13  0.2372  0.54   354 -176   -4.54  21.38  -25.9   41   2   1   0   0    2451764.1053  20000807_143142  FW 14
 14  0.5511  0.25   191 -111   -0.35  11.31  -86.5  215   7   5   2  -1    2451764.1053  20000807_143142  SP 15
 15  2.4656  0.06   645  131   12.40  42.73  -82.9  439   8   4   3   0    2451764.1053  20000807_143142  FW 17
 16  0.2554  0.15  -821    4    3.61 -57.78   68.2   83   0   0   0   0      NEW
 17  2.1103  0.13  -551  114   11.89 -35.33   66.4  329   3   2   0  -1    2451764.1053  20000807_143142  FW 21
 18  0.0436  0.25   197   58    9.59  11.83  -12.7   26   0   0   0   0      NEW
 19  0.1181  0.16  -914  115    8.77 -72.18  -19.5   62   2   1   1   0      NEW
 20  0.0924  0.22    20  134   14.21   1.21   52.8   42   0   0   0   0    2451764.1053  20000807_143142  FW 23
 21  0.0927  0.14   295  167   15.87  18.35   43.9   50   2   1   0   0      NEW
 22  0.1099  0.27   168  179   16.80  10.38  -37.0   41   0   0   0   0    2451764.1053  20000807_143142  FW 24
 23  0.5257  0.35   152  308   24.65   9.89   70.6  168   6   2   2   0    2451764.1053  20000807_143142  FW 27
 24  0.2872  0.34   340  305   24.10  22.48   -8.2  108   1   1   0   0    2451764.1053  20000807_143142  FW 28
 25  0.1235  0.17   469  388   28.81  33.36  -68.5   58   3   1   2   0    2451764.1053  20000807_143142  FW 29
 26  0.1228  0.24   726  376   26.35  56.42  -12.4   48   3   3   0  -1    2451764.1053  20000807_143142  FW 30
 27  0.7054  0.24    -2  459   34.43  -0.14  -34.3  324   4   3   1  -1    2451764.1053  20000807_143142  FW 31
 28  0.1414  0.16  -792  477   31.45 -72.90   78.9   62   1   0   1   0      NEW
 29  0.1786  0.35  -544  565   39.97 -46.87   10.8  120   2   1   1   0      NEW
 30  0.0897  0.33   714  561   37.81  68.46   82.0   31   1   0   1   0      NEW
 31  0.2047  0.18   -88  652   48.32  -7.81  -67.8   61   2   1   0   0    2451764.1053  20000807_143142  FW 33
 32  0.2287  0.29  -390  693   50.49 -39.07  -73.6   58   3   2   1   0    2451764.1053  20000807_143142  FW 34


Ha Filament statistics for:
               Date : 20000810_150957
        Julian Date : 2451767.1319
        Observatory : BBSO
Sun radius [pixels] :  970.00
Sun radius [arcsec] :  946.82
         Area Units : millihemisphere
       Length Units : milliRs

  #   Area   A_rat   Xp   Yp    Lat   Long     Ang  Len #Brb #R  #L Chir   Track: jday   YYYYMMDD_hhmmss  FW/MR/SP
--------------------------------------------------------------------------------------------------------------------
  1  0.2453  0.29  -453 -617  -34.14 -34.24  -19.0   56   1   1   0   0    2451766.1184  20000809_145027  FW  3
  2  0.6045  0.04   102 -555  -28.37   6.84   28.3  247   1   0   1   0    2451766.1184  20000809_145027  FW  4
  3  0.8982  0.08  -120 -502  -24.67  -7.79   30.2  216   4   1   1   0    2451766.1184  20000809_145027  FW  6
  4  0.0886  0.20   494 -553  -29.50  35.69   45.8   42   1   1   0   0    2451766.1184  20000809_145027  FW  5
  5  0.1610  0.15   692 -411  -20.92  49.62   29.2   97   2   0   2   1    2451766.1184  20000809_145027  FW  7
  6  0.1015  0.11   205 -403  -18.18  12.80   39.4   58   1   1   0   0    2451766.1184  20000809_145027  SP  8
  7  0.1955  0.11    58 -360  -15.27   3.54   33.8   86   1   1   0   0      NEW
  8  0.1336  0.33   262 -347  -14.71  16.15   43.6   45   2   0   0   0    2451766.1184  20000809_145027  SP  8
  9  0.2155  0.27   543 -345  -15.56  35.39  -16.9   59   3   1   2   0    2451766.1184  20000809_145027  FW 10
 10  1.9324  0.16  -240 -239   -7.98 -14.40   58.3  449   8   4   4   0    2451766.1184  20000809_145027  MR 12 14
 11  0.1323  0.35   745 -161   -5.45  50.29  -82.7   42   2   2   0  -1      NEW
 12  0.4550  0.06  -484  -34    3.58 -29.86   60.2  173   2   2   0  -1    2451766.1184  20000809_145027  FW 16
 13  0.8569  0.14  -133   54    9.54  -7.96   72.0  215   4   1   1   0    2451766.1184  20000809_145027  FW 19
 14  0.5098  0.13  -628   63    8.60 -40.73   14.9  202   1   0   0   0    2451766.1184  20000809_145027  FW 20
 15  0.5369  0.27   478  129   13.18  30.27   21.5   82   1   0   1   0      NEW
 16  0.1817  0.41  -778  131   11.50 -54.72    0.5   39   1   0   1   0      NEW
 17  0.4848  0.10   907  181   12.67  73.15  -61.0  146   1   1   0   0    2451766.1184  20000809_145027  FW 17
 18  0.1289  0.07   157  148   15.08   9.61  -77.3   88   1   1   0   0      NEW
 19  0.2514  0.12   361  158   15.28  22.59  -51.2   90   1   1   0   0      NEW
 20  0.1225  0.23   -33  249   21.23  -2.08   25.5   82   1   0   0   0    2451766.1184  20000809_145027  FW 23
 21  0.0809  0.14  -565  302   23.12 -39.13  -85.5   47   0   0   0   0      NEW
 22  0.1099  0.38   693  331   24.01  51.25   23.5   38   1   1   0   0    2451766.1184  20000809_145027  FW 24
 23  0.8461  0.15   489  378   28.19  34.75  -27.9  230   5   1   3   1    2451766.1184  20000809_145027  FW 25
 24  0.1093  0.31   236  584   42.96  19.35  -11.5   37   1   0   1   0    2451766.1184  20000809_145027  FW 29


Ha Filament statistics for:
               Date : 20000812_153844
        Julian Date : 2451769.1519
        Observatory : BBSO
Sun radius [pixels] :  970.00
Sun radius [arcsec] :  947.14
         Area Units : millihemisphere
       Length Units : milliRs

  #   Area   A_rat   Xp   Yp    Lat   Long     Ang  Len #Brb #R  #L Chir   Track: jday   YYYYMMDD_hhmmss  FW/MR/SP
--------------------------------------------------------------------------------------------------------------------
  1  0.1519  0.37   281 -697  -39.76  22.07   68.5   45   1   0   0   0      NEW
  2  0.0998  0.18  -379 -658  -36.93 -29.17   40.8   46   2   0   2   1      NEW
  3  0.1103  0.13  -190 -640  -34.78 -13.75    9.3   60   1   1   0   0      NEW
  4  0.8444  0.13   464 -557  -29.53  33.23   23.4  252   1   0   1   0    2451768.1160  20000811_144706  FW  3
  5  1.5247  0.17   325 -494  -24.44  21.51   14.5  499   2   0   2   1    2451768.1160  20000811_144706  MR  4  6
  6  0.1556  0.24   642 -424  -21.31  45.11   46.0   92   0   0   0   0      NEW
  7  0.1218  0.11   484 -353  -15.69  31.09   36.9   67   1   0   1   0    2451768.1160  20000811_144706  FW  8
  8  2.3925  0.07   225 -240   -7.91  13.48    6.3  398  10   7   2  -1    2451768.1160  20000811_144706  FW 10
  9  0.6614  0.31  -875 -188   -8.50 -65.57   68.0  102   3   1   1   0      NEW
 10  0.0572  0.15  -646 -175   -5.51 -41.82   74.1   39   0   0   0   0      NEW
 11  0.4026  0.06   -52  -91    1.17  -3.06   53.9  169   2   1   1   0    2451768.1160  20000811_144706  FW 11
 12  0.0863  0.15  -812 -106   -2.69 -56.72   40.8   47   1   1   0   0      NEW
 13  1.9973  0.14   341  185   17.04  21.48   72.7  538  10   6   4  -1    2451768.1160  20000811_144706  MR 12 18
 14  0.8475  0.10  -198   41    8.81 -11.87   14.4  337   8   5   2  -1    2451768.1160  20000811_144706  FW 13
 15  0.3065  0.29  -419   86   10.95 -25.99   18.3   64   4   4   0  -1    2451768.1160  20000811_144706  FW 15
 16  0.0974  0.42   768   98    9.73  53.23  -74.9   28   1   0   0   0      NEW
 17  0.4212  0.07  -734  266   19.85 -53.35  -70.3  160   3   3   0  -1    2451768.1160  20000811_144706  FW 19
 18  0.1509  0.08   180  202   18.38  11.23   -3.7   99   1   0   0   0      NEW
 19  0.1722  0.08  -207  322   25.66 -13.64  -74.8   90   1   0   0   0    2451768.1160  20000811_144706  SP 20
 20  0.0639  0.19   818  304   21.15  64.48   44.2   36   1   1   0   0      NEW
 21  0.6925  0.26   753  406   27.97  61.29  -13.6  202   7   2   4   1    2451768.1160  20000811_144706  FW 21
 22  0.2284  0.18  -240  419   31.76 -16.85  -42.5   69   2   1   1   0    2451768.1160  20000811_144706  SP 20
 23  0.1133  0.36   594  501   35.46  48.57   25.7   37   1   1   0   0    2451768.1160  20000811_144706  FW 23
 24  0.0639  0.23   -91  506   37.80  -6.79  -11.3   35   1   0   1   0    2451768.1160  20000811_144706  FW 24
 25  0.1455  0.37  -336  530   38.90 -26.33  -14.5   41   1   0   1   0      NEW
 26  0.2104  0.37  -482  586   42.05 -41.85    2.0   80   2   1   0   0      NEW
 27  0.1911  0.28   488  606   43.42  43.69  -28.5   88   1   1   0   0    2451768.1160  20000811_144706  FW 26
 28  0.3342  0.39  -242  681   50.50 -23.02   15.0   79   2   2   0  -1      NEW


Ha Filament statistics for:
               Date : 20000814_143519
        Julian Date : 2451771.1079
        Observatory : BBSO
Sun radius [pixels] :  970.00
Sun radius [arcsec] :  947.47
         Area Units : millihemisphere
       Length Units : milliRs

  #   Area   A_rat   Xp   Yp    Lat   Long     Ang  Len #Brb #R  #L Chir   Track: jday   YYYYMMDD_hhmmss  FW/MR/SP
--------------------------------------------------------------------------------------------------------------------
  1  0.0995  0.52  -410 -742  -44.55 -36.28   -9.9   26   1   1   0   0      NEW
  2  0.1401  0.25   -57 -669  -36.81  -4.19   21.8   49   1   0   1   0    2451770.1563  20000813_154504  FW  1
  3  0.3951  0.28   614 -618  -35.47  50.87   39.1  173   2   1   1   0    2451770.1563  20000813_154504  FW  2
  4  0.0589  0.18  -324 -624  -33.85 -23.64   77.8   36   1   1   0   0      NEW
  5  0.8505  0.13   563 -546  -29.29  41.58   31.7  170   2   0   1   0    2451770.1563  20000813_154504  SP  3
  6  0.1137  0.22  -596 -512  -27.05 -43.47   -8.9   68   1   1   0   0    2451770.1563  20000813_154504  FW  4
  7  0.3664  0.46   691 -491  -26.43  52.53  -17.9   56   1   1   0   0    2451770.1563  20000813_154504  SP  3
  8  0.1864  0.13  -486 -500  -25.45 -33.58   -2.7   78   1   0   1   0    2451770.1563  20000813_154504  FW  5
  9  1.0433  0.33  -691 -446  -23.20 -50.64   84.4  128   5   0   4   1    2451770.1563  20000813_154504  FW  6
 10  0.2544  0.20   765 -354  -17.70  55.69   25.5  112   1   1   0  -1    2451770.1563  20000813_154504  FW  8
 11  0.1969  0.26  -785 -320  -15.69 -57.00  -17.3   63   1   1   0   0      NEW
 12  0.1275  0.21  -631 -301  -13.11 -41.74   65.5   52   0   0   0   0    2451770.1563  20000813_154504  SP 10
 13  2.4970  0.11   615 -248   -9.70  39.87   33.5  352   8   3   5   1    2451770.1563  20000813_154504  MR  9 12
 14  0.1045  0.23   357 -253   -8.90  21.78   78.4   69   1   1   0   0      NEW
 15  1.3857  0.31  -592 -214   -7.48 -37.84  -87.0  294   5   1   4   1    2451770.1563  20000813_154504  SP 10
 16  0.1597  0.11  -222 -223   -6.78 -13.27   43.6   77   2   0   2   1      NEW
 17  0.1194  0.21  -358 -199   -5.63 -21.67  -51.1   47   0   0   0   0      NEW
 18  0.2043  0.27  -536 -172   -4.66 -33.53   73.8   54   1   1   0   0    2451770.1563  20000813_154504  SP 10
 19  0.1681  0.34   352 -133   -1.66  21.19   55.5   80   3   2   1   0    2451770.1563  20000813_154504  FW 11
 20  0.2121  0.26  -457 -121   -1.28 -27.99   34.1  105   1   0   1   0    2451770.1563  20000813_154504  FW 13
 21  0.1851  0.27  -264 -114   -0.33 -15.72  -64.5   72   2   0   2   1    2451770.1563  20000813_154504  FW 14
 22  0.0961  0.18   401  -35    3.99  24.37   64.8   46   0   0   0   0    2451770.1563  20000813_154504  FW 15
 23  1.2876  0.16   686  176   15.01  46.88   64.5  418   6   2   4   1    2451770.1563  20000813_154504  MR 17 23
 24  0.6235  0.10   201   21    7.73  12.02   -8.2  223   4   4   0  -1    2451770.1563  20000813_154504  FW 18
 25  0.3116  0.31    35   70   10.75   2.10   10.2   64   3   0   3   1    2451770.1563  20000813_154504  FW 19
 26  0.9983  0.11  -413  218   18.89 -26.63  -14.5  375   6   2   3   0    2451770.1563  20000813_154504  FW 21
 27  0.0507  0.19   531  226   18.88  35.20   83.2   39   1   0   0   0    2451770.1563  20000813_154504  FW 22
 28  0.1891  0.13  -711  250   19.17 -50.69  -74.8   76   0   0   0   0    2451770.1563  20000813_154504  FW 24
 29  0.0538  0.15   -92  236   20.62  -5.79   -4.4   39   0   0   0   0      NEW
 30  0.4043  0.18   163  361   28.28  10.95  -61.4  182   2   2   0  -1    2451770.1563  20000813_154504  SP 25
 31  0.9608  0.19    18  504   37.80   1.34  -12.3  237   6   2   4   1    2451770.1563  20000813_154504  MR 25 28    SP 25
 32  0.2490  0.29  -222  558   41.32 -17.68   -9.7  130   0   0   0   0    2451770.1563  20000813_154504  FW 29
 33  0.1533  0.21   701  589   39.86  70.05  -36.3   59   2   0   2   1    2451770.1563  20000813_154504  FW 27
 34  0.1086  0.32  -527  658   46.87 -52.46  -63.9   37   0   0   0   0    2451770.1563  20000813_154504  FW 30


Ha Filament statistics for:
               Date : 20000816_160533
        Julian Date : 2451773.1705
        Observatory : BBSO
Sun radius [pixels] :  970.00
Sun radius [arcsec] :  947.82
         Area Units : millihemisphere
       Length Units : milliRs

  #   Area   A_rat   Xp   Yp    Lat   Long     Ang  Len #Brb #R  #L Chir   Track: jday   YYYYMMDD_hhmmss  FW/MR/SP
--------------------------------------------------------------------------------------------------------------------
  1  0.2030  0.26    11 -699  -39.18   0.84    8.9   61   1   1   0   0    2451772.1037  20000815_142923  FW  1
  2  0.5494  0.07  -150 -526  -26.07  -9.88    8.6  236   2   0   2   1    2451772.1037  20000815_142923  FW  6
  3  0.8508  0.12  -284 -424  -19.42 -18.01   57.7  213   3   1   1   0    2451772.1037  20000815_142923  FW  7
  4  0.1313  0.16    49 -483  -23.01   3.13    2.3   58   0   0   0   0      NEW
  5  0.3430  0.10   154 -397  -17.42   9.54   63.4  116   1   0   1   0    2451772.1037  20000815_142923  FW  8
  6  0.1685  0.14  -832 -348  -18.18 -64.33   57.7   72   2   0   2   1      NEW
  7  0.1039  0.16  -467 -345  -14.94 -29.77  -22.9   47   1   1   0   0    2451772.1037  20000815_142923  FW  9
  8  0.1008  0.10  -362 -290  -11.10 -22.26   68.5   69   0   0   0   0    2451772.1037  20000815_142923  SP 13
  9  0.2378  0.20   231 -232   -7.24  13.83   62.3   70   2   1   1   0    2451772.1037  20000815_142923  FW 12
 10  0.2503  0.31   868 -237  -11.42  65.69   62.3   56   1   1   0   0    2451772.1037  20000815_142923  SP 11
 11  0.3336  0.09  -125 -157   -2.59  -7.38  -70.0  125   3   1   2   0    2451772.1037  20000815_142923  FW 14
 12  0.1123  0.26  -351 -193   -5.16 -21.21   84.2   37   1   1   0   0      NEW
 13  0.1779  0.40  -393 -150   -2.70 -23.82  -79.6  109   2   0   2   1    2451772.1037  20000815_142923  SP 13
 14  0.1370  0.28   922 -142   -6.46  72.82  -77.0   46   2   0   2   1    2451772.1037  20000815_142923  SP 11
 15  0.1042  0.22   776   15    4.93  53.20  -89.3   69   1   1   0   0    2451772.1037  20000815_142923  SP 16
 16  0.4256  0.19   645   33    6.97  41.88   35.0  175   1   0   1   0    2451772.1037  20000815_142923  FW 17
 17  0.5839  0.14   473   69    9.93  29.54  -14.5  135   3   2   1   0    2451772.1037  20000815_142923  FW 19
 18  0.1150  0.19  -269   68   10.47 -16.31   22.1   93   0   0   0   0      NEW
 19  1.1590  0.09     7  190   17.98   0.43  -26.0  402   8   5   2  -1    2451772.1037  20000815_142923  FW 20
 20  0.1116  0.35   750  135   12.16  52.06  -65.1   36   1   1   0   0    2451772.1037  20000815_142923  SP 16
 21  0.0633  0.23  -662  147   13.54 -44.40   -5.7   32   1   0   1   0      NEW
 22  0.2138  0.30  -806  168   13.53 -58.49    9.7   56   2   1   1   0    2451772.1037  20000815_142923  FW 22
 23  0.3833  0.10  -385  244   20.64 -24.99  -34.9  197   0   0   0   0    2451772.1037  20000815_142923  FW 21
 24  0.1979  0.09   471  263   21.46  31.32  -62.3   97   2   0   2   1    2451772.1037  20000815_142923  FW 24
 25  0.0761  0.12   347  281   23.00  22.77  -76.4   51   1   1   0   0      NEW
 26  0.2642  0.38  -240  355   27.86 -16.18  -73.8  163   3   3   0  -1      NEW
 27  0.1042  0.34  -702  413   29.07 -55.68  -74.9   36   2   1   1   0      NEW
 28  1.0616  0.09   377  500   36.86  28.95  -31.4  228   3   0   2   1    2451772.1037  20000815_142923  MR 25 26
 29  0.6441  0.22   106  563   42.00   8.42  -20.3  174   5   2   3   0    2451772.1037  20000815_142923  FW 27
 30  0.1644  0.29   262  636   47.05  23.28   79.2   72   2   1   0   0    2451772.1037  20000815_142923  FW 28
 31  0.1360  0.33  -290  626   46.18 -25.49   21.7   45   2   1   1   0    2451772.1037  20000815_142923  SP 29
 32  0.1482  0.13  -362  700   51.58 -36.79  -44.3   68   1   0   1   0    2451772.1037  20000815_142923  SP 29


Ha Filament statistics for:
               Date : 20000818_142223
        Julian Date : 2451775.0989
        Observatory : BBSO
Sun radius [pixels] :  970.00
Sun radius [arcsec] :  948.17
         Area Units : millihemisphere
       Length Units : milliRs

  #   Area   A_rat   Xp   Yp    Lat   Long     Ang  Len #Brb #R  #L Chir   Track: jday   YYYYMMDD_hhmmss  FW/MR/SP
--------------------------------------------------------------------------------------------------------------------
  1  0.2050  0.25   334 -707  -40.63  26.90   67.0   89   1   0   1   0    2451774.1032  20000817_142839  FW  3
  2  0.3329  0.18   -32 -656  -35.56  -2.32   57.1   85   3   2   1   0    2451774.1032  20000817_142839  FW  4
  3  0.1127  0.42  -251 -660  -36.28 -18.66   29.4   31   1   1   0   0    2451774.1032  20000817_142839  FW  5
  4  1.1029  0.11    99 -473  -22.28   6.31   79.0  328   4   0   3   1    2451774.1032  20000817_142839  FW  7
  5  1.1178  0.14  -671 -452  -23.31 -48.70   54.3  347   7   2   5   1    2451774.1032  20000817_142839  FW  9
  6  0.2365  0.18   281 -528  -26.41  18.80    1.9   76   2   1   1   0      NEW
  7  0.3359  0.08   406 -493  -24.41  27.26    6.2  131   0   0   0   0    2451774.1032  20000817_142839  SP  8
  8  0.3833  0.15   554 -389  -18.16  36.80   56.7  102   0   0   0   0    2451774.1032  20000817_142839  SP  8
  9  0.0974  0.20  -502 -401  -18.66 -32.98   59.4   44   0   0   0   0      NEW
 10  0.7033  0.09   -60 -376  -15.90  -3.67   -9.4  187   3   3   0  -1    2451774.1032  20000817_142839  SP 10
 11  0.1218  0.16    70 -293  -10.70   4.19   76.6   56   0   0   0   0    2451774.1032  20000817_142839  SP 10
 12  0.0940  0.27  -835 -221   -9.86 -60.68  -40.9   39   0   0   0   0      NEW
 13  0.3775  0.20   299 -144   -2.01  17.88  -73.1  144   1   0   1   0    2451774.1032  20000817_142839  MR 12 13
 14  0.1137  0.26  -446  -93    0.58 -27.25  -14.3   43   2   1   1   0      NEW
 15  0.1735  0.34   213  -62    3.00  12.64    7.3   85   1   1   0   0    2451774.1032  20000817_142839  FW 14
 16  0.0822  0.18  -219  -29    4.94 -13.04   56.8   43   0   0   0   0      NEW
 17  0.7378  0.20   831   90    8.77  59.86  -16.3  194   2   0   2   1    2451774.1032  20000817_142839  MR 17 18
 18  1.1973  0.06   386  215   18.96  24.77  -34.9  390   6   3   1  -1    2451774.1032  20000817_142839  FW 19
 19  0.4283  0.14  -530  122   12.88 -33.94    9.2  229   2   0   1   0    2451774.1032  20000817_142839  MR 21 22
 20  0.5027  0.26  -365  214   18.97 -23.34  -86.3  231   4   2   2   0    2451774.1032  20000817_142839  FW 25
 21  0.0491  0.17   182  137   14.78  11.14   44.4   34   0   0   0   0    2451774.1032  20000817_142839  FW 20
 22  0.3153  0.09    50  186   17.81   3.09  -53.7  121   1   1   0   0    2451774.1032  20000817_142839  FW 23
 23  0.1099  0.22   268  256   21.76  17.23  -23.5   45   0   0   0   0      NEW
 24  0.1248  0.35   764  289   21.07  57.35  -50.2   41   0   0   0   0    2451774.1032  20000817_142839  SP 26
 25  0.0660  0.17   465  319   24.97  31.79  -66.9   40   0   0   0   0      NEW
 26  0.5849  0.06  -747  431   29.67 -62.18   80.6  203   0   0   0   0    2451774.1032  20000817_142839  FW 30
 27  0.2872  0.22   698  361   26.01  52.99  -39.8   71   3   1   1   0    2451774.1032  20000817_142839  SP 26
 28  0.1238  0.42  -227  415   31.79 -15.92   34.0   32   2   0   1   0      NEW
 29  0.7179  0.29   636  528   36.99  54.98  -34.7  103   4   0   2   1    2451774.1032  20000817_142839  FW 31
 30  0.0988  0.53   360  555   40.79  29.24   -4.8   29   1   1   0   0      NEW
 31  0.1522  0.15   257  588   43.56  21.37  -26.5  106   1   1   0   0    2451774.1032  20000817_142839  FW 32
 32  0.2243  0.28   -31  605   45.23  -2.59   -8.1   59   1   1   0   0    2451774.1032  20000817_142839  FW 33
 33  0.1844  0.22  -109  670   50.23 -10.08  -29.0   58   1   0   1   0    2451774.1032  20000817_142839  FW 36


Ha Filament statistics for:
               Date : 20000820_152756
        Julian Date : 2451777.1444
        Observatory : BBSO
Sun radius [pixels] :  970.00
Sun radius [arcsec] :  948.55
         Area Units : millihemisphere
       Length Units : milliRs

  #   Area   A_rat   Xp   Yp    Lat   Long     Ang  Len #Brb #R  #L Chir   Track: jday   YYYYMMDD_hhmmss  FW/MR/SP
--------------------------------------------------------------------------------------------------------------------
  1  0.2602  0.39   138 -753  -43.98  11.37   38.8   89   3   1   2   0      NEW
  2  0.2382  0.19   585 -707  -43.09  55.54   48.0   77   3   3   0  -1    2451776.1529  20000819_154014  FW  1
  3  0.2388  0.18   115 -662  -36.04   8.40   20.7   72   3   1   2   0    2451776.1529  20000819_154014  FW  2
  4  1.0552  0.18  -496 -606  -33.18 -37.54   56.8  159  10   2   6   1    2451776.1529  20000819_154014  SP  3
  5  1.9804  0.29   520 -544  -28.62  37.51   20.0  305   3   1   2   0    2451776.1529  20000819_154014  MR  4  5
  6  1.5420  0.14  -309 -499  -24.39 -20.40    5.9  221   8   4   3   0    2451776.1529  20000819_154014  SP  3
  7  0.1583  0.10   717 -475  -25.41  54.75    4.7   86   0   0   0   0    2451776.1529  20000819_154014  SP  5
  8  0.7341  0.21   404 -394  -17.69  25.82   -4.5  128   2   1   1   0    2451776.1529  20000819_154014  FW  8
  9  0.0572  0.15  -843 -322  -16.53 -64.82  -58.5   40   0   0   0   0      NEW
 10  0.2023  0.13   525 -156   -3.43  32.69  -77.7  154   1   0   1   0      NEW
 11  0.3532  0.33   419 -131   -1.51  25.49   75.2  123   4   2   1   0    2451776.1529  20000819_154014  FW 11
 12  0.2125  0.25     2 -124   -0.41   0.12  -32.2   64   2   2   0  -1      NEW
 13  0.0829  0.19    -6  -65    3.07  -0.35  -35.6   43   0   0   0   0      NEW
 14  0.1810  0.16   219  -44    4.13  13.02   34.0   70   2   1   1   0    2451776.1529  20000819_154014  SP 12
 15  0.1225  0.48   910  -20    1.24  69.53   70.5   32   1   0   1   0      NEW
 16  0.4909  0.23   596   16    6.39  38.03  -23.4  185   3   2   1   0    2451776.1529  20000819_154014  FW 13
 17  0.2050  0.29   240   60   10.21  14.49   58.8  111   3   3   0  -1    2451776.1529  20000819_154014  SP 12
 18  0.3478  0.13   -86   99   12.70  -5.19   -2.7  218   2   2   0  -1    2451776.1529  20000819_154014  FW 15
 19  0.7081  0.10   441  230   19.74  28.76  -46.4  168   1   0   1   0    2451776.1529  20000819_154014  FW 19
 20  0.0663  0.12  -837  188   14.39 -62.74   46.0   47   0   0   0   0      NEW
 21  0.5768  0.20    27  273   23.17   1.73  -71.8  242   8   4   4   0    2451776.1529  20000819_154014  MR 20 23
 22  0.2169  0.13   755  214   16.82  54.19  -24.1   79   1   1   0   0    2451776.1529  20000819_154014  SP 16
 23  1.1665  0.08  -674  306   22.97 -48.80   87.7  238   6   2   2   0    2451776.1529  20000819_154014  MR 21 24
 24  0.8021  0.05  -472  369   28.10 -33.34  -76.6  256   3   2   1   0    2451776.1529  20000819_154014  FW 22
 25  0.2054  0.07   639  289   22.22  45.18  -29.5  111   0   0   0   0    2451776.1529  20000819_154014  SP 16
 26  0.1847  0.08  -797  333   23.28 -63.20  -70.1  103   2   2   0  -1      NEW
 27  0.2334  0.20   601  583   41.02  55.02   -0.9  121   4   2   1   0    2451776.1529  20000819_154014  FW 26
 28  0.1110  0.19   338  634   46.71  30.44   49.5   49   0   0   0   0      NEW
 29  0.3336  0.28   170  677   50.75  16.03  -11.2   76   2   1   1   0    2451776.1529  20000819_154014  FW 27


Ha Filament statistics for:
               Date : 20000822_173505
        Julian Date : 2451779.2327
        Observatory : BBSO
Sun radius [pixels] :  970.00
Sun radius [arcsec] :  948.96
         Area Units : millihemisphere
       Length Units : milliRs

  #   Area   A_rat   Xp   Yp    Lat   Long     Ang  Len #Brb #R  #L Chir   Track: jday   YYYYMMDD_hhmmss  FW/MR/SP
--------------------------------------------------------------------------------------------------------------------
  1  0.2317  0.39  -411 -789  -49.20 -40.34  -73.9   50   3   1   1   0      NEW
  2  0.1404  0.19  -562 -730  -45.03 -54.94  -83.9   55   0   0   0   0      NEW
  3  0.2652  0.09  -460 -631  -34.86 -35.19   89.3  111   1   1   0   0    2451778.1973  20000821_164409  FW  2
  4  0.3583  0.28  -104 -605  -31.51  -7.20   20.9  124   4   2   2   0      NEW
  5  2.1888  0.14   105 -542  -26.91   6.95    9.5  275   4   0   3   1    2451778.1973  20000821_164409  FW  3
  6  1.1404  0.44   789 -462  -25.53  64.16   80.4  103   1   1   0   0    2451778.1973  20000821_164409  FW  4
  7  0.5278  0.11  -545 -399  -18.64 -36.23  -84.7  311   4   1   2   0    2451778.1973  20000821_164409  FW  5
  8  0.1171  0.45   279 -418  -18.79  17.62   72.2   63   2   2   0  -1      NEW
  9  0.7480  0.20   742 -368  -18.18  53.44   -7.1  279   5   2   2   0    2451778.1973  20000821_164409  FW  6
 10  0.1505  0.30   780  -94   -1.40  53.34   79.2   90   1   0   0   0      NEW
 11  0.1790  0.24   668   21    6.30  43.67   88.6   58   1   0   1   0    2451778.1973  20000821_164409  FW 10
 12  0.1624  0.21  -584   53    8.68 -37.36  -72.7   55   2   0   2   1      NEW
 13  0.4188  0.22   382  103   12.47  23.68   11.6   96   2   0   2   1    2451778.1973  20000821_164409  FW 11
 14  0.0355  0.24  -544  136   13.76 -35.12   51.9   23   0   0   0   0    2451778.1973  20000821_164409  FW 13
 15  0.4814  0.14   466  221   19.16  30.44  -38.7  119   2   1   1   0    2451778.1973  20000821_164409  FW 12
 16  0.1390  0.19  -312  209   18.96 -19.80   75.9   55   2   0   1   0    2451778.1973  20000821_164409  SP 15
 17  1.1046  0.17   782  268   19.72  58.69  -59.7  170   4   1   3   1    2451778.1973  20000821_164409  FW 14
 18  1.2889  0.07  -102  372   29.38  -6.90  -62.8  288   5   2   2   0    2451778.1973  20000821_164409  FW 17
 19  0.6499  0.04  -544  356   26.96 -38.83  -41.4  257   7   6   0  -1    2451778.1973  20000821_164409  FW 19
 20  1.0085  0.09  -351  383   29.54 -24.48  -80.3  259   6   6   0  -1    2451778.1973  20000821_164409  SP 15
 21  0.4932  0.28   448  671   48.82  44.40  -14.2  143   2   1   0   0    2451778.1973  20000821_164409  FW 20


Ha Filament statistics for:
               Date : 20000824_155545
        Julian Date : 2451781.1637
        Observatory : BBSO
Sun radius [pixels] :  970.00
Sun radius [arcsec] :  949.35
         Area Units : millihemisphere
       Length Units : milliRs

  #   Area   A_rat   Xp   Yp    Lat   Long     Ang  Len #Brb #R  #L Chir   Track: jday   YYYYMMDD_hhmmss  FW/MR/SP
--------------------------------------------------------------------------------------------------------------------
  1  0.4699  0.17  -192 -811  -49.89 -17.85   -3.7  107   1   0   0   0    2451780.1639  20000823_155604  FW  1
  2  0.0984  0.19  -218 -712  -40.36 -17.10  -47.4   47   0   0   0   0    2451780.1639  20000823_155604  FW  2
  3  1.7453  0.13   340 -565  -29.08  23.56   16.2  364  12   5   7   1    2451780.1639  20000823_155604  MR  3  4
  4  0.1648  0.12   -85 -534  -26.26  -5.59   43.0   74   0   0   0   0    2451780.1639  20000823_155604  FW  5
  5  0.4388  0.12  -180 -476  -22.38 -11.53   68.0  219   2   1   0   0    2451780.1639  20000823_155604  FW  6
  6  0.4523  0.20  -649 -330  -14.80 -43.62   57.3  126   4   2   1   0    2451780.1639  20000823_155604  FW  8
  7  0.2541  0.22   712  125   12.09  48.45    3.6  111   1   1   0   0    2451780.1639  20000823_155604  FW 13
  8  0.1539  0.10  -293  186   17.69 -18.40   71.4   87   2   2   0  -1      NEW
  9  0.9378  0.06    33  340   27.46   2.19  -77.3  360   2   1   1   0    2451780.1639  20000823_155604  FW 15
 10  0.7341  0.16   716  304   22.56  52.86  -51.8  228   5   3   2   0    2451780.1639  20000823_155604  FW 16
 11  0.2720  0.07  -121  258   22.33  -7.72  -16.8  122   2   2   0  -1    2451780.1639  20000823_155604  FW 18
 12  0.1671  0.15  -775  304   21.94 -59.24  -11.5   82   0   0   0   0      NEW
 13  3.3100  0.20   270  417   32.03  19.09  -66.6  278   6   4   2  -1    2451780.1639  20000823_155604  FW 17
 14  0.4773  0.08  -300  374   29.19 -20.66  -13.0  158   1   0   0   0    2451780.1639  20000823_155604  FW 21
 15  0.0991  0.23    74  910   76.28  18.74  -55.5   40   1   1   0   0    2451780.1639  20000823_155604  FW 24


Ha Filament statistics for:
               Date : 20000826_162854
        Julian Date : 2451783.1867
        Observatory : BBSO
Sun radius [pixels] :  970.00
Sun radius [arcsec] :  949.76
         Area Units : millihemisphere
       Length Units : milliRs

  #   Area   A_rat   Xp   Yp    Lat   Long     Ang  Len #Brb #R  #L Chir   Track: jday   YYYYMMDD_hhmmss  FW/MR/SP
--------------------------------------------------------------------------------------------------------------------
  1  0.1898  0.14   -19 -734  -41.89  -1.50   17.3   72   2   0   2   1      NEW
  2  0.3285  0.26   194 -706  -39.70  15.02   65.0   74   2   0   1   0      NEW
  3  0.0602  0.17   330 -729  -42.35  27.33   18.6   39   0   0   0   0      NEW
  4  0.1187  0.20   427 -684  -38.97  34.39   22.7   56   1   0   1   0      NEW
  5  1.0924  0.28   651 -547  -29.90  50.58   22.7  343   6   3   3   0    2451781.9566  20000825_105730  FW  5
  6  0.0940  0.16  -524 -583  -31.45 -39.16  -85.6   48   1   0   1   0      NEW
  7  0.0839  0.09    76 -516  -24.94   4.94   41.7   58   0   0   0   0      NEW
  8  0.4208  0.09   195 -506  -24.40  12.70   27.1  135   3   2   1   0      NEW
  9  0.4100  0.17   440 -496  -24.54  29.80    8.8   99   1   0   1   0      NEW
 10  0.5748  0.19  -289 -391  -16.95 -18.07   55.2  216   7   4   2  -1      NEW
 11  0.1475  0.45  -244 -426  -19.12 -15.38    2.0   37   1   0   1   0    2451781.9566  20000825_105730  FW  7
 12  0.1272  0.09   677 -282  -11.92  45.33  -86.3   78   0   0   0   0    2451781.9566  20000825_105730  FW  8
 13  0.7368  0.21  -824 -207   -8.70 -59.03   81.6  131   3   1   2   0      NEW
 14  0.4205  0.24  -422 -108    0.02 -25.67   69.3   86   2   1   1   0      NEW
 15  0.6844  0.21  -206  -80    2.22 -12.21   -6.5  221   5   3   2   0      NEW
 16  0.0629  0.23  -337  -11    6.00 -20.35   89.9   34   1   1   0   0      NEW
 17  0.1793  0.10   358  111   13.12  22.17  -11.0   89   1   0   1   0      NEW
 18  0.1292  0.16  -270  121   13.94 -16.59  -85.0   58   2   0   1   0      NEW
 19  0.2236  0.37  -698  135   12.82 -47.36  -11.5   50   2   1   1   0      NEW
 20  0.1959  0.07   162  192   18.35  10.09   33.8  129   0   0   0   0    2451781.9566  20000825_105730  FW 11
 21  0.6252  0.10   211  298   24.71  13.79  -23.3  336   5   5   0  -1      NEW
 22  0.2943  0.20  -803  307   21.78 -62.82  -71.0  145   0   0   0   0      NEW
 23  1.6601  0.11   427  352   27.41  29.60  -61.1  253   4   1   3   1      NEW
 24  0.0744  0.12  -513  257   21.20 -34.41    6.4   51   1   1   0   0      NEW
 25  0.4570  0.14   594  393   29.01  44.27  -50.9  215   3   2   1   0    2451781.9566  20000825_105730  SP 19
 26  0.0886  0.45   318  460   34.74  23.42  -67.5   26   1   0   1   0      NEW
 27  0.0920  0.15   445  468   34.71  33.79   -6.2   51   1   0   1   0    2451781.9566  20000825_105730  SP 19
 28  0.2977  0.20  -711  559   38.03 -68.27   82.8   82   3   0   1   0      NEW


Ha Filament statistics for:
               Date : 20000828_143002
        Julian Date : 2451785.1042
        Observatory : BBSO
Sun radius [pixels] :  970.00
Sun radius [arcsec] :  950.17
         Area Units : millihemisphere
       Length Units : milliRs

  #   Area   A_rat   Xp   Yp    Lat   Long     Ang  Len #Brb #R  #L Chir   Track: jday   YYYYMMDD_hhmmss  FW/MR/SP
--------------------------------------------------------------------------------------------------------------------
  1  0.3413  0.12   313 -728  -42.12  25.71   11.1  208   2   1   1   0    2451783.1867  20000826_162854  FW  1
  2  0.0846  0.17  -214 -631  -33.56 -15.30  -68.9   47   1   0   0   0    2451783.1867  20000826_162854  FW  6
  3  0.9567  0.11    54 -476  -22.14   3.43   61.3  327   6   2   3   0    2451783.1867  20000826_162854  FW 10
  4  0.0487  0.24  -335 -565  -28.97 -23.17   83.1   28   1   1   0   0      NEW
  5  0.0362  0.24  -256 -557  -28.12 -17.35   20.8   24   0   0   0   0      NEW
  6  0.1235  0.07   610 -517  -27.18  44.84   33.7   80   0   0   0   0      NEW
  7  0.5849  0.05   459 -521  -26.37  31.77   30.7  322   2   1   1   0    2451783.1867  20000826_162854  MR  7  8
  8  0.3271  0.12  -767 -401  -20.66 -57.49   79.6  168   3   2   1   0      NEW
  9  0.0474  0.19  -474 -328  -13.54 -30.05   71.1   36   1   0   1   0      NEW
 10  0.1127  0.25  -273 -285  -10.18 -16.54  -82.7   90   0   0   0   0      NEW
 11  0.3512  0.18   -58 -218   -5.81  -3.43   62.8  146   5   4   1  -1      NEW
 12  0.1133  0.24  -389 -203   -5.50 -23.66  -21.0   49   2   1   1   0      NEW
 13  0.1313  0.28   179 -129   -0.60  10.59   79.7   42   1   0   1   0      NEW
 14  0.1773  0.27  -319 -120   -0.34 -19.11  -21.6   60   2   0   1   0      NEW
 15  0.1133  0.41  -317   92   12.16 -19.44  -17.5   32   2   1   1   0    2451783.1867  20000826_162854  FW 19
 16  0.2263  0.14   689  118   11.93  46.36   24.1   89   2   2   0  -1    2451783.1867  20000826_162854  FW 17
 17  0.1742  0.16   521  164   15.66  33.76   81.8  118   2   2   0  -1    2451783.1867  20000826_162854  FW 20
 18  0.1191  0.40  -269  177   17.31 -16.81  -40.5   34   1   1   0   0      NEW
 19  3.5816  0.11  -741  356   25.44 -57.55   78.8  437   9   3   5   1      NEW
 20  0.5203  0.12  -552  279   22.35 -37.82  -50.9  189   1   1   0   0    2451783.1867  20000826_162854  FW 22
 21  0.2710  0.07  -118  238   21.22  -7.46  -11.0  124   0   0   0   0    2451783.1867  20000826_162854  FW 24
 22  0.3028  0.14   226  278   23.49  14.65  -48.4   95   3   1   2   0      NEW
 23  0.1763  0.27   645  272   21.32  45.36   10.0   55   2   1   1   0    2451783.1867  20000826_162854  SP 21
 24  0.2094  0.19   725  366   26.22  56.20  -41.4   68   0   0   0   0    2451783.1867  20000826_162854  FW 23
 25  0.3031  0.14   420  376   28.98  29.54    2.3  154   1   0   1   0    2451783.1867  20000826_162854  SP 21
 26  0.1431  0.38  -518  424   31.50 -38.62   76.1   44   4   3   1  -1      NEW
 27  0.2754  0.19   153  476   36.27  11.24  -50.0   76   0   0   0   0      NEW
 28  0.1627  0.12  -515  519   37.68 -41.97   86.1   79   1   0   1   0    2451783.1867  20000826_162854  FW 28
 29  0.0819  0.15  -195  550   41.30 -15.46   11.9   51   1   1   0   0      NEW
 30  0.1725  0.44  -101  579   43.56  -8.23  -59.6   38   1   0   1   0      NEW


Ha Filament statistics for:
               Date : 20000830_141704
        Julian Date : 2451787.0952
        Observatory : BBSO
Sun radius [pixels] :  970.00
Sun radius [arcsec] :  950.60
         Area Units : millihemisphere
       Length Units : milliRs

  #   Area   A_rat   Xp   Yp    Lat   Long     Ang  Len #Brb #R  #L Chir   Track: jday   YYYYMMDD_hhmmss  FW/MR/SP
--------------------------------------------------------------------------------------------------------------------
  1  0.2666  0.33   563 -720  -43.87  53.49   18.7  150   2   2   0  -1    2451785.1042  20000828_143002  FW  1
  2  0.1045  0.12   168 -667  -36.28  12.36  -17.7   61   1   1   0   0    2451785.1042  20000828_143002  FW  2
  3  1.1533  0.21   434 -472  -22.78  28.92   47.8  421   3   1   2   0    2451785.1042  20000828_143002  FW  3
  4  0.1035  0.20  -397 -554  -28.40 -27.63  -43.5   47   0   0   0   0      NEW
  5  0.1059  0.25   734 -511  -28.22  59.01   22.1   42   1   0   1   0    2451785.1042  20000828_143002  FW  7
  6  0.2084  0.23  -133 -447  -20.23  -8.37   86.1  181   2   0   1   0      NEW
  7  0.4943  0.35  -762 -425  -22.26 -57.90  -70.9   73   3   3   0  -1      NEW
  8  0.0802  0.19  -448 -431  -20.07 -29.34   66.9   41   0   0   0   0    2451785.1042  20000828_143002  FW  8
  9  0.0599  0.17  -450 -350  -14.80 -28.56   28.0   38   0   0   0   0      NEW
 10  0.2909  0.36   625 -327  -14.32  41.52   54.1   60   1   1   0   0      NEW
 11  0.1309  0.45    -7 -293  -10.33  -0.42   -8.4   39   2   2   0  -1      NEW
 12  0.3542  0.12   597 -210   -6.84  38.15   15.6  114   2   0   1   0      NEW
 13  0.2361  0.51   591 -160   -3.78  37.48  -61.1   43   2   1   0   0      NEW
 14  0.6807  0.22   473 -116   -0.57  29.06    1.1  129   5   1   4   1      NEW
 15  0.3775  0.34  -305   -8    6.34 -18.36   11.0  161   6   4   2  -1      NEW
 16  0.1306  0.26   -45   95   12.76  -2.71  -63.7   90   0   0   0   0      NEW
 17  0.5115  0.17   541  150   14.77  35.07  -25.5  118   1   0   0   0      NEW
 18  0.1932  0.31   166  170   17.11  10.27  -76.9  107   3   3   0  -1    2451785.1042  20000828_143002  FW 18
 19  0.0859  0.34  -663  159   14.55 -44.74  -33.7   30   1   1   0   0      NEW
 20  0.9104  0.05  -193  264   22.74 -12.40  -45.8  276   3   2   0  -1    2451785.1042  20000828_143002  FW 20
 21  0.3596  0.15   292  230   20.47  18.66   -0.1  201   1   0   0   0    2451785.1042  20000828_143002  FW 21
 22  0.4344  0.08   568  292   23.07  39.37  -48.3  160   2   1   1   0    2451785.1042  20000828_143002  FW 22
 23  0.1083  0.26   863  312   21.08  72.19  -37.2   42   1   1   0   0    2451785.1042  20000828_143002  FW 23
 24  0.0856  0.31  -221  384   30.16 -15.21   57.8   36   0   0   0   0    2451785.1042  20000828_143002  FW 26
 25  0.1353  0.18   707  413   29.26  56.45  -11.3   62   1   1   0   0    2451785.1042  20000828_143002  FW 25
 26  0.1272  0.30  -660  425   30.48 -51.94   35.6   40   1   0   1   0      NEW
 27  0.8840  0.25  -207  483   36.67 -15.37  -85.3  124   3   1   1   0    2451785.1042  20000828_143002  FW 28
 28  4.3668  0.12  -415  338   26.66 -28.48  -83.2  693  10   6   2  -1    2451785.1042  20000828_143002  FW 19
 29  0.4892  0.31   229  566   42.39  18.57  -36.6  139   3   2   1   0    2451785.1042  20000828_143002  FW 30
