Ha Filament statistics for:
               Date : 20140801_164400
        Julian Date : 2452123.1500
        Observatory : BBSO
Sun radius [pixels] :  970.00
Sun radius [arcsec] :  945.55
         Area Units : millihemisphere
       Length Units : milliRs

  #   Area   A_rat   Xp   Yp    Lat   Long     Ang  Len #Brb #L  #R Chir   Track: jday   YYYYMMDD_hhmmss  FW/MR/SP
--------------------------------------------------------------------------------------------------------------------
  1  1.2070  0.43   163 -564  -45.66 -38.07  -35.2  190   1   1   0   0    2452122.1596  20010731_154946  FW  1
  2  0.6540  0.36  -555 -552  -27.85 -24.51    4.7  339   0   0   0   0    2452122.1596  20010731_154946  FW  3
  3  0.8180  0.42   136 -539  -33.53   5.52   56.9  212   1   1   0   0    2452122.1596  20010731_154946  FW  2
  4  0.6550  0.36   415 -421  -33.13  41.25    1.9   41   6   4   1   1    2452122.1596  20010731_154946  FW  4
  5  0.9400  0.18   128 -449  -21.34  28.96  -39.1  270   0   0   0   0    2452122.1596  20010731_154946  FW  6
  6  3.1950  0.32  -336 -448  -11.95 -24.23   -7.5  409   0   0   0   0    2452122.1596  20010731_154946  MR  5 11
  7  0.9130  0.21  -242 -351  -23.05 -64.22   20.1   62   6   3   0   1      NEW
  8  0.5560  0.47  -423 -248  -17.13   2.03  -31.8  155   2   0   1   0    2452122.1596  20010731_154946  FW  8
  9  1.3260  0.29  -598 -220  -16.98 -33.22  -28.2  161   0   0   0   0    2452122.1596  20010731_154946  FW  7
 10  0.9240  0.41  -848  -98  -13.56  29.29  -33.9  234   1   0   0   0    2452122.1596  20010731_154946  FW  9
 11  0.8220  0.32  -201  -90  -16.86  47.20   13.0   53   0   0   0   0      NEW
 12  1.2271  0.13   110   24  -11.16  15.85   -5.4   92   0   0   0   0    2452122.1596  20010731_154946  FW 10
 13  1.2070  0.43  -431   39  -45.66 -38.07  -35.2  190   1   0   0   0    2452122.1596  20010731_154946  FW  1
 14  0.6540  0.36  -759  141  -27.85 -24.51    4.7  339   2   0   2  -1    2452122.1596  20010731_154946  FW  3
 15  0.8180  0.42  -582  213  -33.53   5.52   56.9  212   5   4   0   1    2452122.1596  20010731_154946  FW  2
 16  0.6550  0.36   819  147  -33.13  41.25    1.9   41   1   0   1   0    2452122.1596  20010731_154946  FW  4
 17  0.9400  0.18   -57  260  -21.34  28.96  -39.1  270   4   0   4  -1    2452122.1596  20010731_154946  FW  6
 18  3.1950  0.32   718  301  -11.95 -24.23   -7.5  409   2   0   1   0    2452122.1596  20010731_154946  MR  5 11
 19  0.9130  0.21   870  286  -23.05 -64.22   20.1   62   1   1   0   0      NEW
 20  0.5560  0.47   522  427  -17.13   2.03  -31.8  155   4   2   2   0    2452122.1596  20010731_154946  FW  8
 21  1.3260  0.29   341  462  -16.98 -33.22  -28.2  161   0   0   0   0    2452122.1596  20010731_154946  FW  7
 22  0.9240  0.41   317  598  -13.56  29.29  -33.9  234   1   1   0   0    2452122.1596  20010731_154946  FW  9
 23  0.8220  0.32  -176  669  -16.86  47.20   13.0   53   2   0   2  -1      NEW  


Ha Filament statistics for:
               Date : 20140805_165505
        Julian Date : 2452123.1500
        Observatory : BBSO
Sun radius [pixels] :  970.00
Sun radius [arcsec] :  945.55
         Area Units : millihemisphere
       Length Units : milliRs

  #   Area   A_rat   Xp   Yp    Lat   Long     Ang  Len #Brb #L  #R Chir   Track: jday   YYYYMMDD_hhmmss  FW/MR/SP
--------------------------------------------------------------------------------------------------------------------
  1  0.5760  0.29   122 -606  -45.66 -38.07   42.8  190   2   2   0   1    2452122.1596  20010731_154946  FW  1
  2  2.5880  0.19   331 -566  -27.85 -24.51   37.8  339   1   0   1   0    2452122.1596  20010731_154946  FW  3
  3  1.1980  0.24   197 -531  -33.53   5.52  -82.2  212   2   1   0   0    2452122.1596  20010731_154946  FW  2
  4  3.1100  0.11    73 -474  -33.13  41.25  -60.7   41   0   0   0   0    2452122.1596  20010731_154946  FW  4
  5  0.3120  0.29   749 -464  -21.34  28.96  -53.0  270   1   1   0   0    2452122.1596  20010731_154946  FW  6
  6  1.3960  0.28  -812 -395  -11.95 -24.23  -26.8  409   0   0   0   0    2452122.1596  20010731_154946  MR  5 11
  7  0.3090  0.45  -516 -320  -23.05 -64.22   80.9   62   5   2   3   0      NEW
  8  0.5760  0.29   380 -351  -45.66 -38.07   42.8  190   2   1   1   0    2452122.1596  20010731_154946  FW  1
  9  2.5880  0.19   149 -346  -27.85 -24.51   37.8  339   0   0   0   0    2452122.1596  20010731_154946  FW  3
 10  1.1980  0.24   447 -299  -33.53   5.52  -82.2  212   1   0   1   0    2452122.1596  20010731_154946  FW  2
 11  3.1100  0.11   545 -309  -33.13  41.25  -60.7   41   0   0   0   0    2452122.1596  20010731_154946  FW  4
 12  0.3120  0.29   684 -267  -21.34  28.96  -53.0  270   1   1   0   0    2452122.1596  20010731_154946  FW  6
 13  1.3960  0.28   494 -184  -11.95 -24.23  -26.8  409   0   0   0   0    2452122.1596  20010731_154946  MR  5 11
 14  0.3090  0.45  -585 -156  -23.05 -64.22   80.9   62   4   2   2   0      NEW  
 15  0.5760  0.29  -139 -150  -45.66 -38.07   42.8  190   1   1   0   0    2452122.1596  20010731_154946  FW  1
 16  2.5880  0.19   550  -52  -27.85 -24.51   37.8  339   1   0   0   0    2452122.1596  20010731_154946  FW  3
 17  1.1980  0.24    -1  -49  -33.53   5.52  -82.2  212   2   2   0   1    2452122.1596  20010731_154946  FW  2
 18  3.1100  0.11  -598  -20  -33.13  41.25  -60.7   41   0   0   0   0    2452122.1596  20010731_154946  FW  4
 19  0.3120  0.29   502   15  -21.34  28.96  -53.0  270   1   0   1   0    2452122.1596  20010731_154946  FW  6
 20  1.3960  0.28   294  199  -11.95 -24.23  -26.8  409  10   2   6  -1    2452122.1596  20010731_154946  MR  5 11
 21  0.3090  0.45    30   71  -23.05 -64.22   80.9   62   1   0   0   0      NEW
 22  0.5760  0.29   -58  106  -45.66 -38.07   42.8  190   1   0   1   0    2452122.1596  20010731_154946  FW  1
 23  2.5880  0.19  -372  236  -27.85 -24.51   37.8  339   2   1   1   0    2452122.1596  20010731_154946  FW  3
 24  1.1980  0.24   735  259  -33.53   5.52  -82.2  212   2   0   2  -1    2452122.1596  20010731_154946  FW  2
 25  3.1100  0.11  -845  269  -33.13  41.25  -60.7   41   3   0   2  -1    2452122.1596  20010731_154946  FW  4
 26  0.3120  0.29  -212  277  -21.34  28.96  -53.0  270   0   0   0   0    2452122.1596  20010731_154946  FW  6
 27  1.3960  0.28   652  334  -11.95 -24.23  -26.8  409   2   1   1   0    2452122.1596  20010731_154946  MR  5 11
 28  0.3090  0.45   253  801  -23.05 -64.22   80.9   62   2   1   0   0      NEW  


Ha Filament statistics for:
               Date : 20140807_175414
        Julian Date : 2452123.1500
        Observatory : BBSO
Sun radius [pixels] :  970.00
Sun radius [arcsec] :  945.55
         Area Units : millihemisphere
       Length Units : milliRs

  #   Area   A_rat   Xp   Yp    Lat   Long     Ang  Len #Brb #L  #R Chir   Track: jday   YYYYMMDD_hhmmss  FW/MR/SP
--------------------------------------------------------------------------------------------------------------------
  1  1.5740  0.23  -272 -537  -45.66 -38.07  -35.2  190   1   0   1   0    2452122.1596  20010731_154946  FW  1
  2  0.6540  0.44  -523 -395  -27.85 -24.51    4.7  339   0   0   0   0    2452122.1596  20010731_154946  FW  3
  3  0.8180  0.30   -91 -352  -33.53   5.52   56.9  212   8   0   5  -1    2452122.1596  20010731_154946  FW  2
  4  0.6550  0.10   335 -343  -33.13  41.25    1.9   41   1   0   0   0    2452122.1596  20010731_154946  FW  4
  5  0.9400  0.37   784 -316  -21.34  28.96  -39.1  270   0   0   0   0    2452122.1596  20010731_154946  FW  6
  6  3.1950  0.33  -154 -185  -11.95 -24.23   -7.5  409   6   1   4  -1    2452122.1596  20010731_154946  MR  5 11
  7  0.9130  0.16   345 -122  -23.05 -64.22   20.1   62   1   1   0   0      NEW
  8  0.5560  0.06   453  -38  -17.13   2.03  -31.8  155   3   2   0   1    2452122.1596  20010731_154946  FW  8
  9  1.3260  0.24   828   41  -16.98 -33.22  -28.2  161   1   1   0   0    2452122.1596  20010731_154946  FW  7
 10  0.9240  0.34   407  125  -13.56  29.29  -33.9  234   1   0   1   0    2452122.1596  20010731_154946  FW  9
 11  0.8220  0.47  -201  135  -16.86  47.20   13.0   53   1   0   0   0      NEW
 12  1.5740  0.23   610  259  -45.66 -38.07  -35.2  190   6   4   0   1    2452122.1596  20010731_154946  FW  1
 13  0.6540  0.44  -565  189  -27.85 -24.51    4.7  339   2   1   1   0    2452122.1596  20010731_154946  FW  3
 14  0.8180  0.30    29  230  -33.53   5.52   56.9  212   4   2   2   0    2452122.1596  20010731_154946  FW  2
 15  0.6550  0.10  -790  194  -33.13  41.25    1.9   41   1   0   1   0    2452122.1596  20010731_154946  FW  4
 16  0.9400  0.37  -349  191  -21.34  28.96  -39.1  270   1   0   0   0    2452122.1596  20010731_154946  FW  6
 17  3.1950  0.33  -413  214  -11.95 -24.23   -7.5  409   0   0   0   0    2452122.1596  20010731_154946  MR  5 11
 18  0.9130  0.16  -233  272  -23.05 -64.22   20.1   62   1   1   0   0      NEW
 19  0.5560  0.06   213  295  -17.13   2.03  -31.8  155   4   2   1   0    2452122.1596  20010731_154946  FW  8
 20  1.3260  0.24  -328  600  -16.98 -33.22  -28.2  161   0   0   0   0    2452122.1596  20010731_154946  FW  7


Ha Filament statistics for:
               Date : 20140809_170349
        Julian Date : 2452123.1500
        Observatory : BBSO
Sun radius [pixels] :  970.00
Sun radius [arcsec] :  945.55
         Area Units : millihemisphere
       Length Units : milliRs

  #   Area   A_rat   Xp   Yp    Lat   Long     Ang  Len #Brb #L  #R Chir   Track: jday   YYYYMMDD_hhmmss  FW/MR/SP
--------------------------------------------------------------------------------------------------------------------
  1  1.2070  0.16   169 -559  -45.66 -38.07  -35.2  190   3   3   0   1    2452122.1596  20010731_154946  FW  1
  2  0.6540  0.18  -153 -505  -27.85 -24.51    4.7  339   2   1   1   0    2452122.1596  20010731_154946  FW  3
  3  0.8180  0.26  -629 -449  -33.53   5.52   56.9  212   4   3   0   1    2452122.1596  20010731_154946  FW  2
  4  0.6550  0.19   319 -378  -33.13  41.25    1.9   41   4   0   3  -1    2452122.1596  20010731_154946  FW  4
  5  0.9400  0.24   283 -170  -21.34  28.96  -39.1  270   4   0   3  -1    2452122.1596  20010731_154946  FW  6
  6  3.1950  0.08   282  -36  -11.95 -24.23   -7.5  409   2   2   0   1    2452122.1596  20010731_154946  MR  5 11
  7  0.9130  0.21   787  -10  -23.05 -64.22   20.1   62   1   0   1   0      NEW
  8  0.5560  0.40  -368   24  -17.13   2.03  -31.8  155   2   1   1   0    2452122.1596  20010731_154946  FW  8
  9  1.3260  0.20  -197   57  -16.98 -33.22  -28.2  161   1   1   0   0    2452122.1596  20010731_154946  FW  7
 10  0.9240  0.41   656  140  -13.56  29.29  -33.9  234   0   0   0   0    2452122.1596  20010731_154946  FW  9
 11  0.8220  0.46   467  253  -16.86  47.20   13.0   53   5   0   3  -1      NEW
 12  1.2271  0.49  -385  259  -11.16  15.85   -5.4   92   0   0   0   0    2452122.1596  20010731_154946  FW 10
 13  1.2271  0.22   819  344  -11.16  15.85   -5.4   92   5   2   2   0    2452122.1596  20010731_154946  FW 10 
 14  1.2070  0.16   575  316  -45.66 -38.07  -35.2  190   1   1   0   0    2452122.1596  20010731_154946  FW  1
 15  0.6540  0.18  -583  404  -27.85 -24.51    4.7  339   0   0   0   0    2452122.1596  20010731_154946  FW  3
 16  0.8180  0.26    -1  584  -33.53   5.52   56.9  212   1   0   0   0    2452122.1596  20010731_154946  FW  2
 17  0.6550  0.19  -552  649  -33.13  41.25    1.9   41   1   1   0   0    2452122.1596  20010731_154946  FW  4


Ha Filament statistics for:
               Date : 20140811_171209
        Julian Date : 2452123.1500
        Observatory : BBSO
Sun radius [pixels] :  970.00
Sun radius [arcsec] :  945.55
         Area Units : millihemisphere
       Length Units : milliRs

  #   Area   A_rat   Xp   Yp    Lat   Long     Ang  Len #Brb #L  #R Chir   Track: jday   YYYYMMDD_hhmmss  FW/MR/SP
--------------------------------------------------------------------------------------------------------------------
  1  1.2070  0.29  -635 -659  -45.66 -38.07  -35.2  190   0   0   0   0    2452122.1596  20010731_154946  FW  1
  2  0.6540  0.46  -553 -591  -27.85 -24.51    4.7  339   4   1   1   0    2452122.1596  20010731_154946  FW  3
  3  0.8180  0.17   218 -534  -33.53   5.52   56.9  212   3   1   0   0    2452122.1596  20010731_154946  FW  2
  4  0.6550  0.19   541 -532  -33.13  41.25    1.9   41   0   0   0   0    2452122.1596  20010731_154946  FW  4
  5  0.9400  0.30   471 -538  -21.34  28.96  -39.1  270   0   0   0   0    2452122.1596  20010731_154946  FW  6
  6  3.1950  0.24  -272 -468  -11.95 -24.23   -7.5  409   6   5   0   1    2452122.1596  20010731_154946  MR  5 11
  7  0.9130  0.14   278 -408  -23.05 -64.22   20.1   62   2   1   0   0      NEW
  8  0.5560  0.26  -662 -389  -17.13   2.03  -31.8  155   0   0   0   0    2452122.1596  20010731_154946  FW  8
  9  1.3260  0.29   698 -321  -16.98 -33.22  -28.2  161   2   1   1   0    2452122.1596  20010731_154946  FW  7
 10  0.9240  0.44  -746 -219  -13.56  29.29  -33.9  234   3   1   1   0    2452122.1596  20010731_154946  FW  9
 11  0.8220  0.23   643 -133  -16.86  47.20   13.0   53   3   0   2  -1      NEW
 12  1.2271  0.08  -756  -63  -11.16  15.85   -5.4   92   1   0   1   0    2452122.1596  20010731_154946  FW 109  
 13  0.9240  0.19  -133  -44  -13.56  29.29  -33.9  234   0   0   0   0    2452122.1596  20010731_154946  FW  9
 14  0.8220  0.49  -108   -3  -16.86  47.20   13.0   53   1   0   1   0      NEW
 15  1.2271  0.24  -901   12  -11.16  15.85   -5.4   92   1   1   0   0    2452122.1596  20010731_154946  FW 10
 16  0.9240  0.18   126   29  -13.56  29.29  -33.9  234   1   0   1   0    2452122.1596  20010731_154946  FW  9
 17  0.8220  0.18   289  125  -16.86  47.20   13.0   53   6   0   5  -1      NEW
 18  1.2271  0.22    13  127  -11.16  15.85   30.0   92   0   0   0   0    2452122.1596  20010731_154946  FW 10
 19  1.2070  0.29    74  173  -45.66 -38.07  -35.2  190   0   0   0   0    2452122.1596  20010731_154946  FW  1
 20  0.6540  0.46   -23  243  -27.85 -24.51    4.7  339   2   0   2   1    2452122.1596  20010731_154946  FW  3
 21  0.8180  0.17   771  295  -33.53   5.52   56.9  212   4   1   1   0    2452122.1596  20010731_154946  FW  2
 22  0.6550  0.19  -632  357  -33.13  41.25    1.9   41   0   0   0   0    2452122.1596  20010731_154946  FW  4
 23  0.9400  0.30   444  654  -21.34  28.96  -39.1  270   1   0   1   0    2452122.1596  20010731_154946  FW  6
 24  3.1950  0.24   295  704  -11.95 -24.23   -7.5  409   0   0   0   0    2452122.1596  20010731_154946  MR  5 11
 25  0.9130  0.14   387  711  -23.05 -64.22   20.1   62   2   1   0   0      NEW


Ha Filament statistics for:
               Date : 20140813_171043
        Julian Date : 2452123.1500
        Observatory : BBSO
Sun radius [pixels] :  970.00
Sun radius [arcsec] :  945.55
         Area Units : millihemisphere
       Length Units : milliRs

  #   Area   A_rat   Xp   Yp    Lat   Long     Ang  Len #Brb #L  #R Chir   Track: jday   YYYYMMDD_hhmmss  FW/MR/SP
--------------------------------------------------------------------------------------------------------------------
  1  1.2070  0.54  -277 -622  -45.66 -38.07  -35.2  190   7   4   1   1    2452122.1596  20010731_154946  FW  1
  2  0.6540  0.26   771 -506  -27.85 -24.51    4.7  339   3   1   1   0    2452122.1596  20010731_154946  FW  3
  3  0.8180  0.23   131 -470  -33.53   5.52   56.9  212   6   5   0   1    2452122.1596  20010731_154946  FW  2
  4  0.6550  0.54  -908  -79  -33.13  41.25    1.9   41   1   0   1   0    2452122.1596  20010731_154946  FW  4
  5  0.9400  0.38   913  -69  -21.34  28.96  -39.1  270   2   1   1   0    2452122.1596  20010731_154946  FW  6
  6  3.1950  0.25  -546  -39  -11.95 -24.23   -7.5  409   1   0   1   0    2452122.1596  20010731_154946  MR  5 11
  7  0.9130  0.38  -886   81  -23.05 -64.22   20.1   62   3   1   2   0      NEW
  8  0.5560  0.29   661  108  -17.13   2.03  -31.8  155   4   0   4  -1    2452122.1596  20010731_154946  FW  8
  9  1.3260  0.35    44   39  -16.98 -33.22  -28.2  161   2   1   1   0    2452122.1596  20010731_154946  FW  7
 10  0.9240  0.40   555   63  -13.56  29.29  -33.9  234   1   1   0   0    2452122.1596  20010731_154946  FW  9
 11  0.8220  0.16   387  280  -16.86  47.20   13.0   53   1   0   1   0      NEW
 12  1.2271  0.17   463  289  -11.16  15.85   -5.4   92   0   0   0   0    2452122.1596  20010731_154946  FW 10
 13  0.9240  0.35  -777  363  -13.56  29.29  -33.9  234   1   0   1   0    2452122.1596  20010731_154946  FW  9
 14  0.8220  0.13  -488  405  -16.86  47.20   13.0   53   2   0   1   0      NEW
 15  1.2271  0.16  -531  451  -11.16  15.85   -5.4   92   2   0   2  -1    2452122.1596  20010731_154946  FW 10 
 16  0.9240  0.19   -62  495  -13.56  29.29  -33.9  234   2   1   0   0    2452122.1596  20010731_154946  FW  9


Ha Filament statistics for:
               Date : 20140815_191516
        Julian Date : 2452123.1500
        Observatory : BBSO
Sun radius [pixels] :  970.00
Sun radius [arcsec] :  945.55
         Area Units : millihemisphere
       Length Units : milliRs

  #   Area   A_rat   Xp   Yp    Lat   Long     Ang  Len #Brb #L  #R Chir   Track: jday   YYYYMMDD_hhmmss  FW/MR/SP
--------------------------------------------------------------------------------------------------------------------
  1  1.2070  0.21    -8 -672  -45.66 -38.07  -35.2  190   4   1   2   0    2452122.1596  20010731_154946  FW  1
  2  0.6540  0.34   180 -582  -27.85 -24.51    4.7  339   2   1   1   0    2452122.1596  20010731_154946  FW  3
  3  0.8180  0.46   560 -441  -33.53   5.52   56.9  212   4   3   0   1    2452122.1596  20010731_154946  FW  2
  4  0.6550  0.16  -600 -134  -33.13  41.25    1.9   41   5   2   2   0    2452122.1596  20010731_154946  FW  4
  5  0.9400  0.34   100 -115  -21.34  28.96  -39.1  270   1   1   0   0    2452122.1596  20010731_154946  FW  6
  6  3.1950  0.32  -347  -77  -11.95 -24.23   -7.5  409   3   0   3  -1    2452122.1596  20010731_154946  MR  5 11
  7  0.9130  0.15  -591   89  -23.05 -64.22   20.1   62   0   0   0   0      NEW
  8  0.5560  0.24  -193   89  -17.13   2.03  -31.8  155   0   0   0   0    2452122.1596  20010731_154946  FW  8
  9  1.3260  0.19   908  204  -16.98 -33.22  -28.2  161   4   2   2   0    2452122.1596  20010731_154946  FW  7
 10  0.9240  0.30  -305  254  -13.56  29.29  -33.9  234   1   0   1   0    2452122.1596  20010731_154946  FW  9
 11  0.8220  0.41   719  291  -16.86  47.20   13.0   53   0   0   0   0      NEW
 12  1.2271  0.28   562  403  -11.16  15.85   -5.4   92   1   0   1   0    2452122.1596  20010731_154946  FW 10
 13  0.9240  0.34  -157  442  -13.56  29.29  -33.9  234   3   2   0   1    2452122.1596  20010731_154946  FW  9


Ha Filament statistics for:
               Date : 20140817_183744
        Julian Date : 2452123.1500
        Observatory : BBSO
Sun radius [pixels] :  970.00
Sun radius [arcsec] :  945.55
         Area Units : millihemisphere
       Length Units : milliRs

  #   Area   A_rat   Xp   Yp    Lat   Long     Ang  Len #Brb #L  #R Chir   Track: jday   YYYYMMDD_hhmmss  FW/MR/SP
--------------------------------------------------------------------------------------------------------------------
  1  1.2070  0.26   171 -728  -45.66 -38.07  -35.2  190   3   1   1   0    2452122.1596  20010731_154946  FW  1
  2  0.6540  0.21   315 -674  -27.85 -24.51    4.7  339   2   1   0   0    2452122.1596  20010731_154946  FW  3
  3  0.8180  0.53    -1 -641  -33.53   5.52   56.9  212   1   0   0   0    2452122.1596  20010731_154946  FW  2
  4  0.6550  0.24   463 -595  -33.13  41.25    1.9   41   2   0   1   0    2452122.1596  20010731_154946  FW  4
  5  0.9400  0.26   552 -518  -21.34  28.96  -39.1  270   3   2   0   1    2452122.1596  20010731_154946  FW  6
  6  3.1950  0.36   736 -356  -11.95 -24.23   -7.5  409   1   0   0   0    2452122.1596  20010731_154946  MR  5 11
  7  0.9130  0.36   524 -248  -23.05 -64.22   20.1   62   0   0   0   0      NEW
  8  0.5560  0.48  -243 -105  -17.13   2.03  -31.8  155   1   1   0   0    2452122.1596  20010731_154946  FW  8
  9  1.3260  0.24  -316 -104  -16.98 -33.22  -28.2  161   1   0   0   0    2452122.1596  20010731_154946  FW  7
 10  0.9240  0.54  -200  -88  -13.56  29.29  -33.9  234   0   0   0   0    2452122.1596  20010731_154946  FW  9
 11  0.8220  0.21   183  -75  -16.86  47.20   13.0   53   2   1   1   0      NEW
 12  1.2070  0.26  -932  -29  -45.66 -38.07  -35.2  190   0   0   0   0    2452122.1596  20010731_154946  FW  1
 13  0.6540  0.21    25  -13  -27.85 -24.51    4.7  339   1   0   0   0    2452122.1596  20010731_154946  FW  3
 14  0.8180  0.53  -224  138  -33.53   5.52   56.9  212   1   0   0   0    2452122.1596  20010731_154946  FW  2
 15  0.6550  0.24  -224   74  -33.13  41.25    1.9   41   1   0   1   0    2452122.1596  20010731_154946  FW  4
 16  0.9400  0.26    77  134  -21.34  28.96  -39.1  270   0   0   0   0    2452122.1596  20010731_154946  FW  6
 17  3.1950  0.36  -296  257  -11.95 -24.23   -7.5  409   1   1   0   0    2452122.1596  20010731_154946  MR  5 11
 18  0.9130  0.36   666  284  -23.05 -64.22   20.1   62   1   0   0   0      NEW
 19  0.5560  0.48   354  396  -17.13   2.03  -31.8  155   0   0   0   0    2452122.1596  20010731_154946  FW  8
 20  1.3260  0.24   173  434  -16.98 -33.22  -28.2  161   2   0   1   0    2452122.1596  20010731_154946  FW  7
 21  0.9240  0.54   737  458  -13.56  29.29  -33.9  234   3   2   1   0    2452122.1596  20010731_154946  FW  9  


Ha Filament statistics for:
               Date : 20140819_170000
        Julian Date : 2452123.1500
        Observatory : BBSO
Sun radius [pixels] :  970.00
Sun radius [arcsec] :  945.55
         Area Units : millihemisphere
       Length Units : milliRs

  #   Area   A_rat   Xp   Yp    Lat   Long     Ang  Len #Brb #L  #R Chir   Track: jday   YYYYMMDD_hhmmss  FW/MR/SP
--------------------------------------------------------------------------------------------------------------------
  1  1.2070  0.26   371 -726  -45.66 -38.07  -35.2  190   2   0   1   0    2452122.1596  20010731_154946  FW  1
  2  0.6540  0.21  -554 -610  -27.85 -24.51    4.7  339   1   0   1   0    2452122.1596  20010731_154946  FW  3
  3  0.8180  0.53   700 -583  -33.53   5.52   56.9  212   3   1   1   0    2452122.1596  20010731_154946  FW  2
  4  0.6550  0.24   478 -503  -33.13  41.25    1.9   41   1   1   0   0    2452122.1596  20010731_154946  FW  4
  5  0.9400  0.26  -823 -178  -21.34  28.96  -39.1  270   2   1   1   0    2452122.1596  20010731_154946  FW  6
  6  3.1950  0.36  -463 -121  -11.95 -24.23   -7.5  409   2   1   1   0    2452122.1596  20010731_154946  MR  5 11
  7  0.9130  0.36   166 -103  -23.05 -64.22   20.1   62   1   0   1   0      NEW
  8  0.5560  0.48  -730  -46  -17.13   2.03  -31.8  155   3   2   1   0    2452122.1596  20010731_154946  FW  8
  9  1.3260  0.24   223  105  -16.98 -33.22  -28.2  161   2   0   1   0    2452122.1596  20010731_154946  FW  7
 10  0.9240  0.54    11   90  -13.56  29.29  -33.9  234   0   0   0   0    2452122.1596  20010731_154946  FW  9
 11  0.8220  0.21  -846  200  -16.86  47.20   13.0   53   2   1   1   0      NEW
 12  1.2070  0.26  -556  180  -45.66 -38.07  -35.2  190   2   0   2  -1    2452122.1596  20010731_154946  FW  1
 13  0.6540  0.21  -323  141  -27.85 -24.51    4.7  339   2   0   2  -1    2452122.1596  20010731_154946  FW  3
 14  0.8180  0.53  -732  224  -33.53   5.52   56.9  212   4   1   1   0    2452122.1596  20010731_154946  FW  2
 15  0.6550  0.24   653  414  -33.13  41.25    1.9   41   1   1   0   0    2452122.1596  20010731_154946  FW  4
 16  0.9400  0.26   475  449  -21.34  28.96  -39.1  270   3   1   2   0    2452122.1596  20010731_154946  FW  6   


Ha Filament statistics for:
               Date : 20140823_183827
        Julian Date : 2452123.1500
        Observatory : BBSO
Sun radius [pixels] :  970.00
Sun radius [arcsec] :  945.55
         Area Units : millihemisphere
       Length Units : milliRs

  #   Area   A_rat   Xp   Yp    Lat   Long     Ang  Len #Brb #L  #R Chir   Track: jday   YYYYMMDD_hhmmss  FW/MR/SP
--------------------------------------------------------------------------------------------------------------------
  1  1.2070  0.35  -714 -572  -45.66 -38.07  -35.2  190   4   0   3  -1    2452122.1596  20010731_154946  FW  1
  2  0.6540  0.46  -543 -422  -27.85 -24.51    4.7  339   7   5   0   1    2452122.1596  20010731_154946  FW  3
  3  0.8180  0.42   106 -349  -33.53   5.52   56.9  212   0   0   0   0    2452122.1596  20010731_154946  FW  2
  4  0.6550  0.45  -224 -323  -33.13  41.25    1.9   41   1   1   0   0    2452122.1596  20010731_154946  FW  4
  5  0.9400  0.33   -43 -145  -21.34  28.96  -39.1  270   8   4   3   0    2452122.1596  20010731_154946  FW  6
  6  3.1950  0.16  -501 -206  -11.95 -24.23   -7.5  409   2   1   0   0    2452122.1596  20010731_154946  MR  5 11
  7  0.9130  0.30  -178 -171  -23.05 -64.22   20.1   62   2   1   1   0      NEW
  8  0.5560  0.28   300  -84  -17.13   2.03  -31.8  155   3   0   2  -1    2452122.1596  20010731_154946  FW  8
  9  1.3260  0.20  -617  -80  -16.98 -33.22  -28.2  161   0   0   0   0    2452122.1596  20010731_154946  FW  7
 10  0.9240  0.19  -322   11  -13.56  29.29  -33.9  234   2   1   1   0    2452122.1596  20010731_154946  FW  9
 11  0.8220  0.46  -621   -4  -16.86  47.20   13.0   53   2   1   0   0      NEW
 12  1.2271  0.17   419   82  -11.16  15.85   -5.4   92   1   0   0   0    2452122.1596  20010731_154946  FW 10
 13  1.2271  0.31    23  224  -11.16  15.85   -5.4   92   5   0   4  -1    2452122.1596  20010731_154946  FW 10 
 14  1.2070  0.35  -408  106  -45.66 -38.07  -35.2  190   3   1   2   0    2452122.1596  20010731_154946  FW  1
 15  0.6540  0.46  -205  217  -27.85 -24.51    4.7  339   1   1   0   0    2452122.1596  20010731_154946  FW  3
 16  0.8180  0.42  -470  303  -33.53   5.52   56.9  212   5   2   2   0    2452122.1596  20010731_154946  FW  2
 17  0.6550  0.45  -855  264  -33.13  41.25    1.9   41   2   0   1   0    2452122.1596  20010731_154946  FW  4
 18  0.9400  0.33   839  329  -21.34  28.96  -39.1  270   1   0   1   0    2452122.1596  20010731_154946  FW  6
 19  3.1950  0.16  -842  395  -11.95 -24.23   -7.5  409   1   1   0   0    2452122.1596  20010731_154946  MR  5 11
 20  0.9130  0.30  -476  508  -23.05 -64.22   20.1   62   1   0   0   0      NEW
 21  0.5560  0.28  -655  584  -17.13   2.03  -31.8  155   2   1   1   0    2452122.1596  20010731_154946  FW  8 


Ha Filament statistics for:
               Date : 20140827_171008
        Julian Date : 2452123.1500
        Observatory : BBSO
Sun radius [pixels] :  970.00
Sun radius [arcsec] :  945.55
         Area Units : millihemisphere
       Length Units : milliRs

  #   Area   A_rat   Xp   Yp    Lat   Long     Ang  Len #Brb #L  #R Chir   Track: jday   YYYYMMDD_hhmmss  FW/MR/SP
--------------------------------------------------------------------------------------------------------------------
  1  1.2070  0.46    37 -700  -45.66 -38.07  -35.2  190   4   2   2   0    2452122.1596  20010731_154946  FW  1
  2  0.6540  0.11   126 -668  -27.85 -24.51    4.7  339   1   1   0   0    2452122.1596  20010731_154946  FW  3
  3  0.8180  0.20    30 -562  -33.53   5.52   56.9  212   1   0   0   0    2452122.1596  20010731_154946  FW  2
  4  0.6550  0.31   281 -444  -33.13  41.25    1.9   41   7   6   0   1    2452122.1596  20010731_154946  FW  4
  5  0.9400  0.24  -757 -530  -21.34  28.96  -39.1  270   1   1   0   0    2452122.1596  20010731_154946  FW  6
  6  3.1950  0.26  -364 -491  -11.95 -24.23   -7.5  409   5   0   4  -1    2452122.1596  20010731_154946  MR  5 11
  7  0.9130  0.49  -128 -402  -23.05 -64.22   20.1   62   1   1   0   0      NEW
  8  0.5560  0.17   804 -284  -17.13   2.03  -31.8  155   1   1   0   0    2452122.1596  20010731_154946  FW  8
  9  1.3260  0.34  -533 -352  -16.98 -33.22  -28.2  161   0   0   0   0    2452122.1596  20010731_154946  FW  7
 10  0.9240  0.26   309 -228  -13.56  29.29  -33.9  234   2   1   1   0    2452122.1596  20010731_154946  FW  9
 11  1.2070  0.46  -645 -188  -45.66 -38.07  -35.2  190   6   5   0   1    2452122.1596  20010731_154946  FW  1
 12  0.6540  0.11  -399 -191  -27.85 -24.51    4.7  339   0   0   0   0    2452122.1596  20010731_154946  FW  3
 13  0.8180  0.20   795  -66  -33.53   5.52   56.9  212   1   0   1   0    2452122.1596  20010731_154946  FW  2
 14  0.6550  0.31   262  -25  -33.13  41.25    1.9   41   2   1   1   0    2452122.1596  20010731_154946  FW  4
 15  0.9400  0.24  -579   25  -21.34  28.96  -39.1  270   4   3   0   1    2452122.1596  20010731_154946  FW  6
 16  3.1950  0.26   210   25  -11.95 -24.23   -7.5  409   1   0   0   0    2452122.1596  20010731_154946  MR  5 11
 17  0.9130  0.49  -672   89  -23.05 -64.22   20.1   62   1   1   0   0      NEW
 18  0.5560  0.17  -118   84  -17.13   2.03  -31.8  155   1   0   0   0    2452122.1596  20010731_154946  FW  8
 19  1.3260  0.34   727  122  -16.98 -33.22  -28.2  161   1   0   1   0    2452122.1596  20010731_154946  FW  7
 20  0.9240  0.26   444  111  -13.56  29.29  -33.9  234   2   1   1   0    2452122.1596  20010731_154946  FW  9 
 21  0.9240  0.26    12  124  -13.56  29.29  -33.9  234   1   1   0   0    2452122.1596  20010731_154946  FW  9
 22  1.2070  0.46  -875  172  -45.66 -38.07  -35.2  190   0   0   0   0    2452122.1596  20010731_154946  FW  1
 23  0.6540  0.11   389  211  -27.85 -24.51    4.7  339   2   1   1   0    2452122.1596  20010731_154946  FW  3
 24  0.8180  0.20  -715  182  -33.53   5.52   56.9  212   2   2   0   1    2452122.1596  20010731_154946  FW  2
 25  0.6550  0.31  -838  330  -33.13  41.25    1.9   41   6   2   0   1    2452122.1596  20010731_154946  FW  4
 26  0.9400  0.24   647  256  -21.34  28.96  -39.1  270   3   2   0   1    2452122.1596  20010731_154946  FW  6
 27  3.1950  0.26   744  291  -11.95 -24.23   -7.5  409   5   2   3   0    2452122.1596  20010731_154946  MR  5 11
 28  0.9130  0.49  -236  278  -23.05 -64.22   20.1   62   0   0   0   0      NEW
 29  0.5560  0.17  -288  466  -17.13   2.03  -31.8  155   7   4   3   0    2452122.1596  20010731_154946  FW  8
 30  1.3260  0.34   270  431  -16.98 -33.22  -28.2  161   2   1   1   0    2452122.1596  20010731_154946  FW  7
 31  0.9240  0.26   240  553  -13.56  29.29  -33.9  234   1   0   1   0    2452122.1596  20010731_154946  FW  9 


Ha Filament statistics for:
               Date : 20160829_164809
        Julian Date : 2452123.1500
        Observatory : BBSO
Sun radius [pixels] :  970.00
Sun radius [arcsec] :  945.55
         Area Units : millihemisphere
       Length Units : milliRs

  #   Area   A_rat   Xp   Yp    Lat   Long     Ang  Len #Brb #L  #R Chir   Track: jday   YYYYMMDD_hhmmss  FW/MR/SP
--------------------------------------------------------------------------------------------------------------------
  1  1.2070  0.09   372 -691  -45.66 -38.07  -35.2  190   1   0   0   0    2452122.1596  20010731_154946  FW  1
  2  0.6540  0.23   261 -620  -27.85 -24.51    4.7  339   1   0   0   0    2452122.1596  20010731_154946  FW  3
  3  0.8180  0.24   200 -531  -33.53   5.52   56.9  212   1   1   0   0    2452122.1596  20010731_154946  FW  2
  4  0.6550  0.12     6 -581  -33.13  41.25    1.9   41   0   0   0   0    2452122.1596  20010731_154946  FW  4
  5  0.9400  0.22  -212 -554  -21.34  28.96  -39.1  270   2   1   1   0    2452122.1596  20010731_154946  FW  6
  6  3.1950  0.27   627 -433  -11.95 -24.23   -7.5  409   8   5   2   1    2452122.1596  20010731_154946  MR  5 11
  7  0.9130  0.39  -479 -456  -23.05 -64.22   20.1   62   0   0   0   0      NEW
  8  0.5560  0.43    81 -462  -17.13   2.03  -31.8  155   2   1   0   0    2452122.1596  20010731_154946  FW  8
  9  1.2070  0.09   295 -385  -45.66 -38.07  -35.2  190   2   1   1   0    2452122.1596  20010731_154946  FW  1
 10  0.6540  0.23   -88 -341  -27.85 -24.51    4.7  339   1   0   1   0    2452122.1596  20010731_154946  FW  3
 11  0.8180  0.24  -507 -334  -33.53   5.52   56.9  212   1   1   0   0    2452122.1596  20010731_154946  FW  2
 12  0.6550  0.12  -250 -328  -33.13  41.25    1.9   41   1   1   0   0    2452122.1596  20010731_154946  FW  4
 13  0.9400  0.22   137 -298  -21.34  28.96  -39.1  270   0   0   0   0    2452122.1596  20010731_154946  FW  6
 14  3.1950  0.27  -254 -211  -11.95 -24.23   -7.5  409   2   2   0   1    2452122.1596  20010731_154946  MR  5 11
 15  0.9130  0.39   713 -145  -23.05 -64.22   20.1   62   0   0   0   0      NEW
 16  0.5560  0.43   -95 -105  -17.13   2.03  -31.8  155   1   0   0   0    2452122.1596  20010731_154946  FW  8
 17  1.2070  0.09  -178  -20  -45.66 -38.07  -35.2  190   5   3   0   1    2452122.1596  20010731_154946  FW  1
 18  0.6540  0.23  -624   93  -27.85 -24.51    4.7  339   0   0   0   0    2452122.1596  20010731_154946  FW  3
 19  0.8180  0.24  -533  279  -33.53   5.52   56.9  212   6   3   3   0    2452122.1596  20010731_154946  FW  2
 20  0.6550  0.12   398  140  -33.13  41.25    1.9   41   1   0   1   0    2452122.1596  20010731_154946  FW  4
 21  0.9400  0.22   156  240  -21.34  28.96  -39.1  270   2   1   0   0    2452122.1596  20010731_154946  FW  6
 22  3.1950  0.27   748  210  -11.95 -24.23   -7.5  409   1   1   0   0    2452122.1596  20010731_154946  MR  5 11
 23  0.9130  0.39    85  326  -23.05 -64.22   20.1   62   2   2   0   1      NEW
 24  0.5560  0.43  -772  387  -17.13   2.03  -31.8  155   2   1   0   0    2452122.1596  20010731_154946  FW  8
 25  1.2070  0.09    84  501  -45.66 -38.07  -35.2  190   7   0   6  -1    2452122.1596  20010731_154946  FW  1 


Ha Filament statistics for:
               Date : 20140831_190456
        Julian Date : 2452123.1500
        Observatory : BBSO
Sun radius [pixels] :  970.00
Sun radius [arcsec] :  945.55
         Area Units : millihemisphere
       Length Units : milliRs

  #   Area   A_rat   Xp   Yp    Lat   Long     Ang  Len #Brb #L  #R Chir   Track: jday   YYYYMMDD_hhmmss  FW/MR/SP
--------------------------------------------------------------------------------------------------------------------
  1  1.2070  0.27  -259 -533  -45.66 -38.07  -35.2  190   1   1   0   0    2452122.1596  20010731_154946  FW  1
  2  0.6540  0.49  -729 -544  -27.85 -24.51    4.7  339   3   1   2   0    2452122.1596  20010731_154946  FW  3
  3  0.8180  0.30   174 -531  -33.53   5.52   56.9  212   3   2   1   0    2452122.1596  20010731_154946  FW  2
  4  0.6550  0.50   512 -467  -33.13  41.25    1.9   41   2   1   1   0    2452122.1596  20010731_154946  FW  4
  5  0.9400  0.09   618 -434  -21.34  28.96  -39.1  270   0   0   0   0    2452122.1596  20010731_154946  FW  6
  6  3.1950  0.51  -675 -439  -11.95 -24.23   -7.5  409   1   0   1   0    2452122.1596  20010731_154946  MR  5 11
  7  0.9130  0.29   -76 -368  -23.05 -64.22   20.1   62   3   3   0   1      NEW
  8  1.2070  0.27   315 -309  -45.66 -38.07  -35.2  190   0   0   0   0    2452122.1596  20010731_154946  FW  1
  9  0.6540  0.49   387 -350  -27.85 -24.51    4.7  339   3   1   2   0    2452122.1596  20010731_154946  FW  3
 10  0.8180  0.30  -689 -211  -33.53   5.52   56.9  212   3   0   2  -1    2452122.1596  20010731_154946  FW  2
 11  0.6550  0.50   491 -282  -33.13  41.25    1.9   41   0   0   0   0    2452122.1596  20010731_154946  FW  4
 12  0.9400  0.09   245 -215  -21.34  28.96  -39.1  270   2   1   1   0    2452122.1596  20010731_154946  FW  6
 13  3.1950  0.51   319  -26  -11.95 -24.23   -7.5  409   2   0   1   0    2452122.1596  20010731_154946  MR  5 11
 14  0.9130  0.29  -219   68  -23.05 -64.22   20.1   62   1   0   1   0      NEW
 15  1.2070  0.27  -110  274  -45.66 -38.07  -35.2  190   9   0   6  -1    2452122.1596  20010731_154946  FW  1
 16  0.6540  0.49   773  163  -27.85 -24.51    4.7  339   0   0   0   0    2452122.1596  20010731_154946  FW  3
 17  0.8180  0.30   515  302  -33.53   5.52   56.9  212   0   0   0   0    2452122.1596  20010731_154946  FW  2
 18  0.6550  0.50  -494  356  -33.13  41.25    1.9   41   1   0   1   0    2452122.1596  20010731_154946  FW  4
 19  0.9400  0.09   494  397  -21.34  28.96  -39.1  270   0   0   0   0    2452122.1596  20010731_154946  FW  6
 20  3.1950  0.51  -385  416  -11.95 -24.23   -7.5  409   1   0   1   0    2452122.1596  20010731_154946  MR  5 11
 21  0.9130  0.29   411  509  -23.05 -64.22   20.1   62   3   0   2  -1      NEW
 22  1.2070  0.27   350  579  -45.66 -38.07  -35.2  190   1   0   1   0    2452122.1596  20010731_154946  FW  1
 23  0.6540  0.49    19  602  -27.85 -24.51    4.7  339   1   0   0   0    2452122.1596  20010731_154946  FW  3
