Ha Filament statistics for:
               Date : 20010801_153559
        Julian Date : 2452123.1500
        Observatory : BBSO
Sun radius [pixels] :  970.00
Sun radius [arcsec] :  945.55
         Area Units : millihemisphere
       Length Units : milliRs

  #   Area   A_rat   Xp   Yp    Lat   Long     Ang  Len #Brb #L  #R Chir   Track: jday   YYYYMMDD_hhmmss  FW/MR/SP
--------------------------------------------------------------------------------------------------------------------
  1  1.3468  0.15  -419 -746  -45.66 -38.07  -18.2  190   6   5   0   1    2452122.1596  20010731_154946  FW  1
  2  1.4354  0.07  -357 -532  -27.85 -24.51   29.7  339   7   6   0   1    2452122.1596  20010731_154946  FW  3
  3  0.7575  0.28    78 -617  -33.53   5.52   14.0  212   5   3   0   1    2452122.1596  20010731_154946  FW  2
  4  0.1039  0.26   537 -591  -33.13  41.25   18.7   41   2   2   0   1    2452122.1596  20010731_154946  FW  4
  5  0.5677  0.21   439 -433  -21.34  28.96   13.9  270   6   4   0   1    2452122.1596  20010731_154946  FW  6
  6  2.5596  0.11  -391 -289  -11.95 -24.23  -87.2  409  10   9   0   1    2452122.1596  20010731_154946  MR  5 11
  7  0.2321  0.25  -805 -418  -23.05 -64.22   57.5   62   0   0   0   0      NEW
  8  0.2930  0.05    33 -380  -17.13   2.03   62.0  155   1   1   0   0    2452122.1596  20010731_154946  FW  8
  9  0.3150  0.21  -510 -362  -16.98 -33.22   73.8  161   2   1   1   0    2452122.1596  20010731_154946  FW  7
 10  0.6661  0.12   463 -311  -13.56  29.29   40.8  234   4   2   2   0    2452122.1596  20010731_154946  FW  9
 11  0.1164  0.17   683 -345  -16.86  47.20   -1.7   53   4   2   1   0      NEW
 12  0.3481  0.15   261 -281  -11.16  15.85  -88.6   92   2   2   0   1    2452122.1596  20010731_154946  FW 10
 13  0.5406  0.36   -47 -121   -1.30  -2.77   63.9  168   2   0   1   0    2452122.1596  20010731_154946  FW 14
 14  0.1570  0.45  -868 -115   -4.22 -63.57  -24.4   44   3   1   1   0      NEW
 15  0.1769  0.24  -738  -73   -0.51 -49.34    4.4  143   3   1   1   0      NEW
 16  0.1008  0.15   -45  -15    4.95  -2.66  -68.0   52   1   0   1   0      NEW
 17  0.2896  0.07  -228  129   13.28 -13.91   70.4  132   3   2   0   1    2452122.1596  20010731_154946  FW 16
 18  2.1479  0.19    -8  278   22.41  -0.51  -89.3  455   7   0   6  -1    2452122.1596  20010731_154946  MR 17 24
 19  0.1397  0.14  -460  116   11.96 -28.87   57.0   63   1   0   1   0    2452122.1596  20010731_154946  FW 19
 20  0.0778  0.15  -345  210   17.88 -21.85  -69.7   46   1   1   0   0    2452122.1596  20010731_154946  FW 20
 21  0.5623  0.13  -570  286   21.66 -39.06   86.8  189   4   0   3  -1    2452122.1596  20010731_154946  SP 22
 22  0.3224  0.10  -790  265   18.88 -59.17  -75.5  115   4   2   2   0    2452122.1596  20010731_154946  FW 21
 23  0.0748  0.22   648  356   25.47  47.54  -67.8   45   0   0   0   0      NEW
 24  0.0893  0.37  -311  374   28.04 -21.21  -59.5   31   1   0   1   0      NEW
 25  0.0683  0.21   510  426   30.65  37.52  -21.3   36   0   0   0   0      NEW
 26  0.1150  0.49   791  475   31.22  72.20  -66.1  111   3   1   1   0    2452122.1596  20010731_154946  MR 25 26
 27  1.1002  0.13  -591  547   38.07 -50.52  -88.0  188   4   2   2   0    2452122.1596  20010731_154946  MR 22 28    SP 22
 28  0.2101  0.20   703  581   39.05  68.71  -48.1   67   2   1   1   0    2452122.1596  20010731_154946  FW 27

Ha Filament statistics for:
               Date : 20010803_153358
        Julian Date : 2452125.1486
        Observatory : BBSO
Sun radius [pixels] :  970.00
Sun radius [arcsec] :  945.80
         Area Units : millihemisphere
       Length Units : milliRs

  #   Area   A_rat   Xp   Yp    Lat   Long     Ang  Len #Brb #L  #R Chir   Track: jday   YYYYMMDD_hhmmss  FW/MR/SP
--------------------------------------------------------------------------------------------------------------------
  1  1.7399  0.13   -72 -609  -32.78  -5.05   37.2  243   6   4   1   1    2452124.1512  20010802_153740  FW  1
  2  0.1820  0.19  -499 -637  -36.42 -39.62   50.7   64   1   0   0   0      NEW
  3  0.1448  0.31   514 -565  -30.88  38.00   57.2  101   2   1   0   0      NEW
  4  0.1654  0.28   136 -519  -26.31   8.96    6.2   51   1   1   0   0    2452124.1512  20010802_153740  FW  5
  5  0.2443  0.07   -63 -507  -25.42  -4.11    1.1  124   2   2   0   1    2452124.1512  20010802_153740  FW  8
  6  0.0927  0.19  -124 -435  -20.61  -7.82   72.3   45   2   1   1   0      NEW
  7  0.1154  0.17   718 -437  -23.25  53.49   37.7   52   1   1   0   0    2452124.1512  20010802_153740  FW  7
  8  0.3397  0.12   474 -315  -13.73  30.08   54.8  116   3   3   0   1      NEW
  9  0.5579  0.13   784 -300  -14.74  56.49   48.5  134   5   3   2   0    2452124.1512  20010802_153740  FW  9
 10  1.0880  0.24     4 -205   -6.17   0.24  -82.9  350   6   0   0   0    2452124.1512  20010802_153740  FW 11
 11  0.2074  0.31  -833 -287  -14.46 -62.27   69.6   97   3   2   0   1      NEW
 12  0.8224  0.25   624 -200   -7.32  40.27  -79.3  256   6   4   0   1    2452124.1512  20010802_153740  MR 12 14
 13  0.2426  0.20   341 -222   -7.59  20.68   68.3  124   3   3   0   1    2452124.1512  20010802_153740  FW 13
 14  0.4276  0.16  -281 -123   -1.53 -16.77   17.0  116   3   0   2  -1    2452124.1512  20010802_153740  FW 15
 15  0.1147  0.14  -341  -57    2.24 -20.51  -45.9   60   2   0   2  -1    2452124.1512  20010802_153740  FW 16
 16  0.0582  0.17  -750  -31    1.98 -50.48   86.2   38   1   0   1   0      NEW
 17  0.3989  0.09   203   68    9.84  12.21   58.7  207   6   3   0   1    2452124.1512  20010802_153740  FW 17
 18  0.1042  0.30  -162   88   11.07  -9.75   78.1   37   2   1   1   0      NEW
 19  0.6506  0.19   413  182   16.15  26.20  -65.8  146   4   1   2   0    2452124.1512  20010802_153740  FW 18
 20  0.2466  0.21  -463  199   17.00 -29.81  -62.8  132   2   0   2  -1      NEW
 21  0.2050  0.14  -599  164   14.34 -39.43  -33.7   83   1   0   0   0      NEW
 22  0.1275  0.09    73  201   17.86   4.51  -72.9   81   2   1   1   0      NEW
 23  0.2497  0.13  -163  244   20.39 -10.28  -67.7   88   2   0   2  -1    2452124.1512  20010802_153740  SP 19
 24  0.1350  0.24  -205  347   26.68 -13.62  -59.6   48   1   0   1   0    2452124.1512  20010802_153740  SP 19
 25  2.3197  0.33   375  420   30.93  26.68  -53.9  164   5   0   4  -1    2452124.1512  20010802_153740  FW 20
 26  0.0930  0.24  -573  454   32.19 -44.10   15.7   45   0   0   0   0      NEW
 27  0.3353  0.30  -496  692   49.31 -51.49  -20.4  125   2   1   1   0    2452124.1512  20010802_153740  FW 22

Ha Filament statistics for:
               Date : 20010805_155552
        Julian Date : 2452127.1638
        Observatory : BBSO
Sun radius [pixels] :  970.00
Sun radius [arcsec] :  946.06
         Area Units : millihemisphere
       Length Units : milliRs

  #   Area   A_rat   Xp   Yp    Lat   Long     Ang  Len #Brb #L  #R Chir   Track: jday   YYYYMMDD_hhmmss  FW/MR/SP
--------------------------------------------------------------------------------------------------------------------
  1  0.0788  0.21   374 -789  -49.50  36.33   48.4   40   1   1   0   0      NEW
  2  0.4327  0.23   223 -694  -39.70  17.33   30.4   86   3   2   0   1    2452126.2349  20010804_173812  SP  2
  3  1.0968  0.32   311 -618  -33.82  22.62   68.0  175   3   3   0   1    2452126.2349  20010804_173812  SP  2
  4  0.1133  0.23   737 -550  -31.91  63.35   36.2   44   1   0   1   0      NEW
  5  0.1915  0.15   298 -516  -26.29  19.96   -3.6  102   2   0   2  -1    2452126.2349  20010804_173812  SP  4
  6  0.3403  0.15   496 -353  -16.11  32.03   67.8  169   2   2   0   1    2452126.2349  20010804_173812  MR  4  6    SP  4
  7  0.2821  0.15  -525 -333  -14.97 -33.94  -85.8  137   2   2   0   1    2452126.2349  20010804_173812  FW  9
  8  0.0345  0.18   237 -357  -15.60  14.63   32.1   27   0   0   0   0      NEW
  9  0.0453  0.20   204 -328  -13.71  12.45   63.9   30   0   0   0   0    2452126.2349  20010804_173812  FW  7
 10  0.1773  0.09    64 -303  -12.02   3.85   32.7   93   3   2   1   0      NEW
 11  0.1472  0.11   807 -279  -13.56  58.64   64.9   73   2   1   0   0      NEW
 12  0.1424  0.32   388 -276  -10.89  23.94   47.9   78   1   0   1   0      NEW
 13  0.2074  0.19  -148 -209   -6.35  -8.79  -36.7   69   1   1   0   0      NEW
 14  0.1627  0.24   202 -124   -1.33  11.97   30.2   53   1   0   0   0      NEW
 15  0.1729  0.19   107  -88    0.89   6.30  -43.5   65   1   0   1   0      NEW
 16  0.4104  0.08  -803  -12    2.74 -55.76  -88.2  150   3   1   1   0      NEW
 17  0.1123  0.22   249  -38    3.67  14.84  -63.9   44   1   0   0   0      NEW
 18  0.5771  0.11   291   46    8.54  17.58   85.0  154   3   0   3  -1    2452126.2349  20010804_173812  SP 15
 19  0.1837  0.16   606   87    9.88  39.19   63.0  138   1   0   1   0    2452126.2349  20010804_173812  FW 14
 20  0.1262  0.22  -821  117   10.09 -59.05  -48.7   49   1   0   1   0      NEW
 21  0.0704  0.21   555  146   13.60  35.91   -4.6   38   0   0   0   0      NEW
 22  0.9926  0.12   236  277   22.43  15.19  -63.2  285   6   0   5  -1    2452126.2349  20010804_173812  SP 15
 23  0.1688  0.19   478  238   19.39  31.36  -70.4  112   2   1   1   0      NEW
 24  0.1915  0.32   736  238   17.93  52.68  -74.5   49   1   1   0   0    2452126.2349  20010804_173812  FW 18
 25  0.1120  0.18    22  244   20.61   1.38  -17.9   51   0   0   0   0      NEW
 26  0.2246  0.20   -59  260   21.58  -3.73  -44.5   65   0   0   0   0    2452126.2349  20010804_173812  FW 20
 27  0.1346  0.33   134  273   22.32   8.55  -87.5   42   1   0   1   0      NEW
 28  0.0995  0.27  -189  324   25.40 -12.40  -16.0   65   0   0   0   0      NEW
 29  0.2297  0.21   101  368   28.27   6.76   85.9   70   3   2   1   0    2452126.2349  20010804_173812  SP 15
 30  3.9270  0.38   686  446   30.90  55.30  -35.1  218   5   0   3  -1    2452126.2349  20010804_173812  FW 21
 31  0.0352  0.17    -8  394   29.97  -0.54   68.1   29   0   0   0   0      NEW
 32  0.1803  0.25  -363  518   37.59 -28.08    2.2   58   3   1   2   0      NEW
 33  0.4381  0.26  -681  554   37.77 -62.42   72.2   89   2   0   0   0      NEW
 34  0.2300  0.27  -110  575   42.25  -8.78   -6.2   63   4   0   3  -1    2452126.2349  20010804_173812  FW 23
 35  0.3630  0.26  -274  663   48.54 -25.17   11.4   78   2   1   0   0    2452126.2349  20010804_173812  FW 24

Ha Filament statistics for:
               Date : 20010807_154210
        Julian Date : 2452129.1543
        Observatory : BBSO
Sun radius [pixels] :  970.00
Sun radius [arcsec] :  946.34
         Area Units : millihemisphere
       Length Units : milliRs

  #   Area   A_rat   Xp   Yp    Lat   Long     Ang  Len #Brb #L  #R Chir   Track: jday   YYYYMMDD_hhmmss  FW/MR/SP
--------------------------------------------------------------------------------------------------------------------
  1  0.1634  0.24  -609 -675  -40.72 -55.79   33.6   45   2   1   0   0      NEW
  2  0.8522  0.32   642 -566  -31.82  51.01   13.3  165   4   2   2   0    2452128.2045  20010806_165425  FW  2
  3  0.2950  0.17  -586 -536  -29.02 -43.55    1.0   99   2   1   1   0      NEW
  4  0.2459  0.42   353 -458  -22.35  23.08  -68.7   51   2   0   1   0      NEW
  5  0.2923  0.09  -787 -418  -22.60 -61.31  -77.8  116   1   1   0   0      NEW
  6  0.0788  0.15   625 -442  -22.62  44.11   68.8   46   0   0   0   0    2452128.2045  20010806_165425  FW  4
  7  0.3048  0.22   -77 -418  -19.20  -4.80  -48.0   78   4   4   0   1    2452128.2045  20010806_165425  FW  5
  8  0.1313  0.33   793 -359  -18.59  59.40   76.3  103   1   0   0   0    2452128.2045  20010806_165425  FW  6
  9  0.1181  0.13   474 -305  -12.87  29.96   25.8   58   1   0   1   0    2452128.2045  20010806_165425  FW 10
 10  0.1177  0.18  -856 -307  -16.01 -66.44  -28.8   58   2   2   0   1      NEW
 11  0.1110  0.31   565 -277  -11.54  36.33    4.2   76   2   1   1   0      NEW
 12  0.1269  0.48   310 -230   -7.76  18.73   86.0   34   1   1   0   0      NEW
 13  0.0430  0.23   -88 -228   -7.32  -5.22   66.0   27   0   0   0   0      NEW
 14  0.1803  0.14  -470 -109   -0.97 -28.86  -86.6  122   2   2   0   1    2452128.2045  20010806_165425  FW 14
 15  0.3143  0.11  -706  -72    0.04 -46.51  -38.2  112   1   0   1   0    2452128.2045  20010806_165425  FW 17
 16  2.3313  0.16   651  193   15.96  44.09  -82.5  702  14   2  10  -1    2452128.2045  20010806_165425  MR 13 19 29
 17  0.6617  0.12   763   28    5.51  52.00  -79.0  161   4   0   4  -1    2452128.2045  20010806_165425  MR 16 22
 18  0.0792  0.20   303   67    9.87  18.40  -38.7   44   1   0   0   0      NEW
 19  0.1844  0.16   437   91   10.92  27.19  -24.4  131   3   0   3  -1    2452128.2045  20010806_165425  FW 21
 20  0.0572  0.24  -379  101   11.68 -23.41  -75.6   34   0   0   0   0      NEW
 21  0.1529  0.11  -461  134   13.37 -29.11  -16.4   80   3   0   2  -1    2452128.2045  20010806_165425  FW 23
 22  0.1756  0.20   766  285   20.50  57.25  -77.9   94   1   0   0   0      NEW
 23  0.1445  0.08   316  271   22.01  20.48  -53.7   92   2   1   1   0    2452128.2045  20010806_165425  FW 26
 24  0.1847  0.47   529  271   21.27  35.67   86.5   41   1   0   1   0    2452128.2045  20010806_165425  FW 24
 25  0.1252  0.25  -502  419   30.56 -36.80  -75.0   45   1   0   0   0      NEW
 26  0.1008  0.40     0  478   35.63   0.00   15.7   32   0   0   0   0    2452128.2045  20010806_165425  FW 32
 27  0.3495  0.23  -484  508   36.46 -38.20   52.8  142   2   1   1   0    2452128.2045  20010806_165425  FW 33
 28  0.4012  0.26  -577  561   39.38 -50.14  -16.5   72   4   0   3  -1    2452128.2045  20010806_165425  FW 34
 29  0.4493  0.23    95  641   47.37   8.29   12.1  201   2   0   1   0    2452128.2045  20010806_165425  FW 35

Ha Filament statistics for:
               Date : 20010809_153452
        Julian Date : 2452131.1492
        Observatory : BBSO
Sun radius [pixels] :  970.00
Sun radius [arcsec] :  946.63
         Area Units : millihemisphere
       Length Units : milliRs

  #   Area   A_rat   Xp   Yp    Lat   Long     Ang  Len #Brb #L  #R Chir   Track: jday   YYYYMMDD_hhmmss  FW/MR/SP
--------------------------------------------------------------------------------------------------------------------
  1  0.2541  0.31  -337 -552  -28.74 -23.26  -16.0   54   3   2   0   1      NEW
  2  0.8285  0.12  -508 -418  -20.20 -33.79  -57.4  241   8   7   0   1    2452130.1445  20010808_152809  MR  3  9
  3  0.2426  0.43   692 -450  -23.67  50.99  -88.1   49   2   1   0   0    2452130.1445  20010808_152809  FW  4
  4  0.2602  0.23   351 -381  -17.16  22.16   87.5   70   2   2   0   1    2452130.1445  20010808_152809  FW  6
  5  0.1045  0.12  -708 -376  -18.76 -50.25   89.1   61   1   0   1   0      NEW
  6  0.5004  0.16   -90 -352  -14.86  -5.48   20.0  114   3   2   1   0    2452130.1445  20010808_152809  FW  8
  7  0.2003  0.18  -302 -328  -13.67 -18.61  -34.1   71   3   3   0   1    2452130.1445  20010808_152809  FW 11
  8  0.0951  0.15  -810 -307  -15.29 -59.76  -84.2   52   1   1   0   0      NEW
  9  0.0413  0.22  -379 -320  -13.37 -23.58   15.7   29   1   0   0   0      NEW
 10  0.0436  0.15  -434 -277  -10.88 -26.99  -54.8   35   1   1   0   0      NEW
 11  0.2192  0.12   -13 -101    0.41  -0.76   85.7   87   2   2   0   1    2452130.1445  20010808_152809  FW 16
 12  0.2828  0.16  -372  -87    0.75 -22.45  -29.5  134   2   2   0   1    2452130.1445  20010808_152809  FW 14
 13  0.3447  0.06   931   78    6.32  74.68   89.0  156   2   1   1   0    2452130.1445  20010808_152809  FW 15
 14  0.1763  0.16   765  122   11.05  53.26  -31.0  124   2   0   2  -1    2452130.1445  20010808_152809  FW 18
 15  0.0984  0.08  -754  139   12.13 -52.45  -78.0   83   0   0   0   0      NEW
 16  0.1387  0.28   686  255   19.48  48.41  -38.9   44   1   1   0   0      NEW
 17  0.0910  0.49   814  293   20.49  63.38  -70.9   27   2   0   1   0    2452130.1445  20010808_152809  FW 20
 18  0.1103  0.30   563  345   25.70  39.94  -17.2   41   2   1   0   0      NEW
 19  0.0863  0.13   825  359   24.14  68.50  -51.9   52   0   0   0   0      NEW
 20  0.4618  0.07  -700  409   28.63 -55.09  -36.8  160   4   0   4  -1    2452130.1445  20010808_152809  FW 22
 21  0.0876  0.21   741  410   28.26  59.92   26.0   45   1   1   0   0      NEW
 22  0.0704  0.20  -222  428   32.21 -15.63  -46.5   41   1   0   1   0      NEW
 23  0.2493  0.25   321  487   35.86  24.01   -4.8  132   4   0   3  -1    2452130.1445  20010808_152809  FW 24
 24  0.1901  0.39   586  500   35.34  47.61  -86.4   82   4   2   2   0    2452130.1445  20010808_152809  FW 21
 25  0.5190  0.34  -301  521   38.24 -23.18   -0.8   81   5   4   0   1    2452130.1445  20010808_152809  FW 26
 26  0.0690  0.23    10  533   39.54   0.76    6.7   37   3   1   2   0      NEW

Ha Filament statistics for:
               Date : 20010811_165643
        Julian Date : 2452133.2061
        Observatory : BBSO
Sun radius [pixels] :  970.00
Sun radius [arcsec] :  946.95
         Area Units : millihemisphere
       Length Units : milliRs

  #   Area   A_rat   Xp   Yp    Lat   Long     Ang  Len #Brb #L  #R Chir   Track: jday   YYYYMMDD_hhmmss  FW/MR/SP
--------------------------------------------------------------------------------------------------------------------
  1  0.4976  0.29    60 -863  -56.18   6.37   19.1   80   5   0   4  -1    2452132.1389  20010810_152004  FW  1
  2  0.3109  0.35  -119 -852  -54.92 -12.30  -80.2   63   3   1   1   0    2452132.1389  20010810_152004  FW  2
  3  0.5748  0.11  -131 -507  -24.98  -8.53   69.7  141   5   3   0   1    2452132.1389  20010810_152004  SP  4
  4  0.1258  0.09  -370 -435  -20.65 -23.96   90.0   75   3   3   0   1    2452132.1389  20010810_152004  FW  6
  5  0.1167  0.13  -202 -395  -17.61 -12.57  -20.5   62   1   1   0   0    2452132.1389  20010810_152004  SP  4
  6  0.1167  0.14   103 -376  -16.27   6.32   23.4   55   1   0   1   0      NEW
  7  0.3813  0.33   719 -356  -17.46  50.81   59.1   70   2   2   0   1    2452132.1389  20010810_152004  FW  8
  8  0.0984  0.33    80 -348  -14.48   4.87   21.4   39   3   1   2   0      NEW
  9  0.0619  0.15   771 -338  -16.80  55.93   52.5   40   1   1   0   0      NEW
 10  0.2399  0.13  -809 -272  -12.95 -58.64   80.3   87   3   3   0   1      NEW
 11  0.0677  0.12  -336 -283  -10.84 -20.56  -30.1   48   1   0   0   0      NEW
 12  0.0426  0.21    10 -151   -2.44   0.59  -70.9   28   0   0   0   0      NEW
 13  0.3681  0.24  -388   72   10.17 -23.87   71.6  232   1   0   1   0    2452132.1389  20010810_152004  FW 16
 14  0.0697  0.23   664  -13    3.96  43.15  -79.5   36   1   0   1   0      NEW
 15  0.0886  0.21  -276   84   11.15 -16.78   -7.8   41   2   2   0   1      NEW
 16  0.0832  0.16   423  108   12.18  26.38   -1.4   45   3   0   2  -1    2452132.1389  20010810_152004  FW 15
 17  0.2372  0.05  -175  212   18.93 -10.95  -75.1  135   0   0   0   0    2452132.1389  20010810_152004  FW 18
 18  0.0859  0.33   631  234   18.68  43.19  -80.3   29   1   0   1   0      NEW
 19  1.0454  0.08  -406  384   28.96 -28.46  -18.8  239   6   3   3   0    2452132.1389  20010810_152004  FW 19
 20  0.3857  0.20  -661  465   32.54 -53.73  -62.4  164   4   1   2   0    2452132.1389  20010810_152004  FW 20
 21  0.2026  0.20   112  432   32.75   7.86   10.6  112   4   0   3  -1      NEW
 22  0.4516  0.24   218  476   35.50  15.96  -59.5   90   4   0   3  -1    2452132.1389  20010810_152004  FW 22
 23  0.0984  0.13   628  496   34.81  51.86  -15.1   56   1   1   0   0    2452132.1389  20010810_152004  FW 23
 24  0.1976  0.31   445  520   37.67  35.29   44.4   55   3   2   1   0    2452132.1389  20010810_152004  FW 24
 25  0.1779  0.29     0  583   43.26   0.00   72.4   51   2   1   1   0    2452132.1389  20010810_152004  FW 25
 26  0.0897  0.44  -297  768   57.65 -34.80   80.4   28   0   0   0   0      NEW

Ha Filament statistics for:
               Date : 20010813_152318
        Julian Date : 2452135.1412
        Observatory : BBSO
Sun radius [pixels] :  970.00
Sun radius [arcsec] :  947.26
         Area Units : millihemisphere
       Length Units : milliRs

  #   Area   A_rat   Xp   Yp    Lat   Long     Ang  Len #Brb #L  #R Chir   Track: jday   YYYYMMDD_hhmmss  FW/MR/SP
--------------------------------------------------------------------------------------------------------------------
  1  0.1729  0.29  -181 -545  -27.62 -12.11   37.1  102   1   1   0   0    2452134.1377  20010812_151818  FW  4
  2  0.0436  0.15  -225 -516  -25.66 -14.86   70.7   36   0   0   0   0      NEW
  3  0.2169  0.10    26 -451  -21.01   1.64   74.8   95   4   4   0   1    2452134.1377  20010812_151818  FW  5
  4  0.2409  0.24  -790 -410  -21.91 -61.19   26.6   60   1   1   0   0      NEW
  5  0.1482  0.19   220 -408  -18.39  13.77  -32.4   56   1   0   0   0    2452134.1377  20010812_151818  FW  6
  6  0.3288  0.27   532 -390  -18.29  35.15   20.2  119   2   2   0   1    2452134.1377  20010812_151818  FW  7
  7  0.2355  0.14   692 -358  -17.28  48.17   29.9   83   1   1   0   0      NEW
  8  0.7155  0.09  -484 -286  -11.44 -30.48   68.1  175   4   3   1   1    2452134.1377  20010812_151818  FW  8
  9  0.1282  0.25  -837 -202   -8.82 -60.62   66.6   49   1   0   1   0      NEW
 10  0.1167  0.36   448 -195   -5.73  27.54  -79.2   99   0   0   0   0    2452134.1377  20010812_151818  FW  9
 11  0.1025  0.24   166  -87    1.36   9.81   56.5   42   1   1   0   0      NEW
 12  0.0869  0.19   588  -67    1.29  37.17   -8.9   44   1   0   0   0    2452134.1377  20010812_151818  FW 13
 13  0.1390  0.08    40   47    9.34   2.38  -57.9   88   1   0   0   0    2452134.1377  20010812_151818  FW 14
 14  0.0937  0.36   269   99   12.15  16.41    8.8   50   1   0   1   0      NEW
 15  1.7399  0.14    85  316   25.47   5.55  -25.5  536   5   0   4  -1    2452134.1377  20010812_151818  MR 16 17
 16  0.1049  0.21  -510  258   20.85 -34.09   43.6   46   2   0   2  -1      NEW
 17  0.2104  0.23  -325  379   29.01 -22.43  -54.5   61   3   1   2   0    2452134.1377  20010812_151818  FW 18
 18  0.2087  0.22   439  454   33.40  32.70    7.5   72   2   0   2  -1    2452134.1377  20010812_151818  FW 19
 19  0.1184  0.40  -311  471   35.02 -22.96   -3.8   35   2   0   2  -1    2452134.1377  20010812_151818  FW 21
 20  0.1302  0.37   511  497   35.83  40.37  -55.5   36   1   1   0   0    2452134.1377  20010812_151818  FW 20
 21  0.2994  0.48  -410  519   37.86 -32.25  -37.8   46   2   0   2  -1    2452134.1377  20010812_151818  FW 24
 22  0.1901  0.34   642  574   39.77  59.24   36.8   51   2   1   1   0    2452134.1377  20010812_151818  FW 23
 23  0.1279  0.31   -98  764   58.23 -11.03  -81.5   40   1   0   0   0    2452134.1377  20010812_151818  FW 26

Ha Filament statistics for:
               Date : 20010815_153443
        Julian Date : 2452137.1491
        Observatory : BBSO
Sun radius [pixels] :  970.00
Sun radius [arcsec] :  947.60
         Area Units : millihemisphere
       Length Units : milliRs

  #   Area   A_rat   Xp   Yp    Lat   Long     Ang  Len #Brb #L  #R Chir   Track: jday   YYYYMMDD_hhmmss  FW/MR/SP
--------------------------------------------------------------------------------------------------------------------
  1  0.5139  0.34  -449 -712  -42.01 -38.43  -81.8   80   5   3   0   1    2452136.1538  20010814_154124  SP  1
  2  0.1154  0.30  -378 -732  -43.31 -32.29  -38.0   39   1   1   0   0    2452136.1538  20010814_154124  SP  1
  3  0.1938  0.22   189 -557  -28.40  12.75   35.6  142   1   0   1   0    2452136.1538  20010814_154124  FW  2
  4  0.1330  0.26  -115 -534  -26.65  -7.59   44.7   86   2   2   0   1    2452136.1538  20010814_154124  FW  3
  5  1.0227  0.11  -479 -423  -20.12 -31.61   74.7  332   8   6   0   1    2452136.1538  20010814_154124  FW  6
  6  0.2649  0.10   617 -454  -23.07  43.59   83.9  115   2   1   0   0    2452136.1538  20010814_154124  MR  5  8
  7  0.2459  0.09   430 -440  -21.03  28.24   57.9  109   3   3   0   1    2452136.1538  20010814_154124  FW  4
  8  0.7297  0.12   -54 -317  -12.32  -3.25   57.3  227   4   3   0   1    2452136.1538  20010814_154124  FW  9
  9  0.6583  0.19  -557 -295  -12.26 -35.84   29.8  183   3   1   2   0    2452136.1538  20010814_154124  FW 13
 10  0.0541  0.25   277 -173   -3.83  16.56  -17.1   32   1   0   1   0    2452136.1538  20010814_154124  FW 16
 11  0.0934  0.24   435  -95    0.37  26.53  -25.6   40   1   1   0   0      NEW
 12  0.1076  0.10   472   41    8.24  29.32  -50.8   65   1   0   1   0    2452136.1538  20010814_154124  FW 18
 13  0.0541  0.11   410   79   10.69  25.36   55.9   46   0   0   0   0      NEW
 14  0.1448  0.46  -350  110   12.70 -21.61  -11.8   34   1   1   0   0      NEW
 15  0.0369  0.21  -367  157   15.43 -23.01   69.4   26   0   0   0   0      NEW
 16  0.0575  0.24  -418  168   15.93 -26.51    8.9   31   1   0   0   0      NEW
 17  0.3982  0.16   588  244   19.69  39.91  -54.5  160   3   0   3  -1    2452136.1538  20010814_154124  FW 21
 18  0.1807  0.29    88  311   25.26   5.73  -88.7  150   2   0   2  -1    2452136.1538  20010814_154124  FW 25
 19  0.1959  0.16   188  304   24.71  12.27  -47.1   81   1   0   1   0    2452136.1538  20010814_154124  FW 23
 20  0.6218  0.18   419  322   25.22  28.40  -21.9  120   2   1   1   0    2452136.1538  20010814_154124  SP 24
 21  0.1668  0.17   298  360   27.98  20.27  -13.2   64   1   0   1   0    2452136.1538  20010814_154124  SP 24
 22  0.2466  0.34   684  465   32.42  56.44   51.2  108   2   0   1   0    2452136.1538  20010814_154124  FW 26
 23  0.6658  0.29  -685  500   34.59 -58.86  -13.2  152   4   0   4  -1    2452136.1538  20010814_154124  FW 28


Ha Filament statistics for:
               Date : 20010817_153257
        Julian Date : 2452139.1479
        Observatory : BBSO
Sun radius [pixels] :  970.00
Sun radius [arcsec] :  947.96
         Area Units : millihemisphere
       Length Units : milliRs

  #   Area   A_rat   Xp   Yp    Lat   Long     Ang  Len #Brb #L  #R Chir   Track: jday   YYYYMMDD_hhmmss  FW/MR/SP
--------------------------------------------------------------------------------------------------------------------
  1  0.7751  0.20  -144 -752  -44.03 -11.88  -68.7  144   4   2   2   0    2452138.1578  20010816_154716  FW  1
  2  0.4452  0.35  -605 -699  -42.72 -57.97   -2.2   90   3   2   1   0      NEW
  3  0.2980  0.17  -226 -526  -26.18 -14.99   43.4  220   4   4   0   1    2452138.1578  20010816_154716  FW  4
  4  0.1742  0.27  -621 -531  -28.58 -46.65   56.6   51   2   0   1   0    2452138.1578  20010816_154716  FW  3
  5  0.0497  0.24   290 -498  -24.39  19.09   37.0   27   0   0   0   0    2452138.1578  20010816_154716  FW  2
  6  0.1140  0.30   516 -477  -23.91  35.45  -11.7   40   1   0   1   0      NEW
  7  0.2551  0.12   699 -410  -20.70  50.21   49.2  165   0   0   0   0    2452138.1578  20010816_154716  FW  6
  8  1.0088  0.09   369 -357  -15.30  23.13   52.3  208   7   7   0   1    2452138.1578  20010816_154716  FW  7
  9  0.0606  0.17   846 -389  -21.36  69.27  -88.5   38   0   0   0   0    2452138.1578  20010816_154716  FW  5
 10  0.1461  0.17  -363 -374  -16.37 -22.86  -90.0   64   3   1   2   0      NEW
 11  0.1790  0.31  -234 -332  -13.38 -14.30  -37.4   53   2   0   2  -1    2452138.1578  20010816_154716  SP  9
 12  0.4530  0.15  -116 -291  -10.66  -6.96   36.2  169   5   3   0   1    2452138.1578  20010816_154716  SP  9
 13  0.0656  0.18   748 -294  -13.52  52.29  -74.4   39   0   0   0   0      NEW
 14  0.1441  0.19   790  -81   -0.84  54.33  -48.6   56   2   1   1   0      NEW
 15  0.2223  0.20   -16   21    8.00  -0.95  -76.5  178   1   1   0   0      NEW
 16  0.0937  0.35   131    8    7.18   7.79   80.0   38   2   1   0   0      NEW
 17  0.0917  0.42   678   62    8.48  44.78   68.6   31   2   1   1   0      NEW
 18  0.1360  0.31  -298  195   17.97 -18.76   63.8   38   1   1   0   0      NEW
 19  0.2037  0.09   839  288   20.02  66.76  -48.6   99   1   1   0   0    2452138.1578  20010816_154716  FW 14
 20  0.1928  0.14  -342  283   23.17 -22.45   30.7   81   2   1   1   0    2452138.1578  20010816_154716  FW 16
 21  0.3633  0.22  -772  381   26.36 -62.41  -77.7  189   6   0   5  -1      NEW
 22  1.1966  0.15   674  363   26.31  50.62  -15.3  184   5   2   3   0    2452138.1578  20010816_154716  FW 18
 23  0.2202  0.14   433  372   28.35  30.35  -50.6   83   2   0   2  -1    2452138.1578  20010816_154716  FW 19
 24  0.1495  0.36  -249  445   33.65 -17.89  -84.9   50   2   0   1   0      NEW
 25  1.1259  0.16  -354  473   35.18 -26.41   16.7  179   8   1   5  -1    2452138.1578  20010816_154716  FW 21
 26  0.1072  0.32  -275  712   53.12 -28.10  -10.0   73   3   0   2  -1    2452138.1578  20010816_154716  FW 25

Ha Filament statistics for:
               Date : 20010820_160518
        Julian Date : 2452142.1703
        Observatory : BBSO
Sun radius [pixels] :  970.00
Sun radius [arcsec] :  948.51
         Area Units : millihemisphere
       Length Units : milliRs

  #   Area   A_rat   Xp   Yp    Lat   Long     Ang  Len #Brb #L  #R Chir   Track: jday   YYYYMMDD_hhmmss  FW/MR/SP
--------------------------------------------------------------------------------------------------------------------
  1  1.2165  0.23  -160 -764  -45.09 -13.47   22.4  147   6   5   0   1    2452140.1532  20010818_154037  FW  2
  2  0.7548  0.12   357 -766  -46.29  32.10  -10.2  181   5   4   0   1    2452140.1532  20010818_154037  FW  1
  3  0.1099  0.47  -412 -749  -45.06 -36.87  -78.3   30   2   2   0   1      NEW
  4  0.4252  0.18   313 -611  -32.57  22.44   59.0  156   5   4   0   1    2452140.1532  20010818_154037  FW  3
  5  0.1522  0.10   423 -513  -25.83  28.87   23.1   81   2   0   2  -1    2452140.1532  20010818_154037  FW  5
  6  0.3434  0.32  -675 -458  -23.72 -49.31    2.0   78   4   4   0   1      NEW
  7  0.0981  0.28   793 -420  -22.52  62.07   33.8   37   0   0   0   0      NEW
  8  0.0433  0.22    45 -405  -17.69   2.78   10.1   28   0   0   0   0      NEW
  9  0.0599  0.20   265 -390  -17.01  16.53   47.4   35   1   0   1   0    2452140.1532  20010818_154037  FW  7
 10  0.8190  0.06   510 -319  -13.36  32.58   31.4  236   7   0   5  -1    2452140.1532  20010818_154037  FW  8
 11  0.1187  0.23   651 -334  -15.17  43.89   74.2   45   1   0   0   0      NEW
 12  0.3082  0.34   853 -300  -15.23  65.48   48.2  129   2   1   1   0    2452140.1532  20010818_154037  FW  6
 13  0.0328  0.18  -374 -292  -11.12 -23.04   26.1   27   0   0   0   0      NEW
 14  0.4422  0.10  -133 -144   -1.67  -7.85   12.1  131   3   0   2  -1      NEW
 15  0.5037  0.14   254  -57    3.30  15.14   90.0  205   2   1   0   0    2452140.1532  20010818_154037  FW 11
 16  0.1820  0.32  -924  -97   -3.68 -72.42   86.3   50   1   0   0   0      NEW
 17  0.1445  0.15  -450    0    6.11 -27.69  -82.2   73   2   0   2  -1      NEW
 18  0.2801  0.14  -764   98    9.98 -52.89   65.3   90   2   1   1   0      NEW
 19  0.1979  0.08  -171   89   12.02 -10.34  -20.1  110   1   0   1   0      NEW
 20  0.0419  0.16  -268  112   13.22 -16.41  -16.6   32   2   0   1   0      NEW
 21  0.3393  0.37  -741  273   20.41 -54.38   -6.7   82   6   0   5  -1      NEW
 22  0.5602  0.10  -346  359   27.97 -23.72  -25.5  164   5   0   5  -1    2452140.1532  20010818_154037  FW 15
 23  0.2094  0.13  -224  327   26.29 -14.86  -71.9   84   4   0   3  -1      NEW
 24  0.1171  0.10    40  339   27.25   2.65   36.3   68   3   2   1   0    2452140.1532  20010818_154037  FW 17
 25  0.2307  0.17   807  419   28.06  70.27  -52.5   76   2   0   1   0      NEW
 26  0.5125  0.11  -561  416   30.53 -42.01  -41.2  167   5   0   5  -1    2452140.1532  20010818_154037  FW 19
 27  0.2003  0.14  -186  484   36.51 -13.75   67.1   81   1   0   1   0      NEW
 28  0.4581  0.32   249  474   35.70  18.35   58.2  131   6   0   4  -1      NEW
 29  0.0917  0.29   233  587   43.63  19.31  -32.9   37   1   0   1   0      NEW
 30  0.1005  0.52   442  638   46.34  41.17   88.8   28   1   1   0   0      NEW
 31  0.2774  0.23     4  704   53.23   0.39  -23.3   71   2   0   2  -1    2452140.1532  20010818_154037  FW 20

Ha Filament statistics for:
               Date : 20010822_145929
        Julian Date : 2452144.1246
        Observatory : BBSO
Sun radius [pixels] :  970.00
Sun radius [arcsec] :  948.89
         Area Units : millihemisphere
       Length Units : milliRs

  #   Area   A_rat   Xp   Yp    Lat   Long     Ang  Len #Brb #L  #R Chir   Track: jday   YYYYMMDD_hhmmss  FW/MR/SP
--------------------------------------------------------------------------------------------------------------------
  1  2.2240  0.18   205 -761  -44.88  17.31   28.2  246   7   5   1   1    2452143.2375  20010821_174157  FW  1
  2  0.2443  0.31   568 -737  -45.93  57.22   10.7   62   0   0   0   0      NEW
  3  0.2903  0.14   619 -594  -33.34  49.66   50.0   91   1   1   0   0    2452143.2375  20010821_174157  FW  2
  4  0.1952  0.10  -589 -498  -25.74 -42.24   66.1   94   1   1   0   0      NEW
  5  0.1120  0.13   707 -493  -26.58  54.42   26.6   57   1   0   1   0      NEW
  6  0.0961  0.08  -346 -458  -21.66 -22.48  -58.0   68   0   0   0   0      NEW
  7  0.1150  0.10  -678 -451  -23.21 -49.34  -68.6   65   0   0   0   0    2452143.2375  20010821_174157  FW  4
  8  0.0947  0.22   737 -317  -14.78  51.60  -25.8   54   2   1   0   0    2452143.2375  20010821_174157  SP  5
  9  0.1884  0.10   191 -276   -9.64  11.47   44.7   87   1   1   0   0      NEW
 10  0.4929  0.20   867 -266  -13.20  66.43   51.3  105   3   1   0   0    2452143.2375  20010821_174157  SP  5
 11  0.0991  0.32  -460 -281  -10.69 -28.73   44.8   36   1   0   1   0      NEW
 12  0.2415  0.12  -680 -195   -6.64 -44.71   48.7   92   2   2   0   1    2452143.2375  20010821_174157  FW  7
 13  0.1976  0.40   271 -143   -1.76  16.16  -18.2   71   2   2   0   1    2452143.2375  20010821_174157  FW  8
 14  0.0409  0.18   -94  -63    3.22  -5.54   13.7   30   1   1   0   0    2452143.2375  20010821_174157  FW  9
 15  0.2909  0.12   317  104   12.70  19.48  -86.0  108   1   0   1   0      NEW
 16  0.1008  0.13   241   89   11.98  14.65  -53.3   58   2   1   1   0    2452143.2375  20010821_174157  FW 11
 17  0.1448  0.23   668  211   17.42  46.01  -75.8   82   1   0   0   0    2452143.2375  20010821_174157  FW 13
 18  0.1945  0.33   199  202   18.77  12.46    8.4   46   1   1   0   0    2452143.2375  20010821_174157  SP 15
 19  0.0643  0.22   266  215   19.42  16.83  -29.4   35   0   0   0   0    2452143.2375  20010821_174157  SP 15
 20  0.3941  0.28  -449  252   21.08 -29.61  -18.8   79   5   0   5  -1    2452143.2375  20010821_174157  FW 16
 21  0.0606  0.22   423  274   22.52  28.05  -39.0   32   0   0   0   0      NEW
 22  0.2003  0.12   180  281   23.59  11.63  -40.8   90   2   1   1   0    2452143.2375  20010821_174157  FW 17
 23  0.9182  0.17    30  346   27.76   1.99  -17.3  218   8   0   8  -1    2452143.2375  20010821_174157  SP 15
 24  0.0677  0.16  -154  353   28.10 -10.32  -15.4   43   0   0   0   0      NEW
 25  0.1580  0.16  -239  384   29.91 -16.45  -16.1   63   2   0   2  -1    2452143.2375  20010821_174157  FW 19
 26  0.1323  0.52   257  410   31.54  18.04   89.6   34   0   0   0   0    2452143.2375  20010821_174157  FW 20
 27  0.5552  0.34   521  479   34.88  40.74  -83.6  196   3   0   0   0    2452143.2375  20010821_174157  FW 22
 28  0.0910  0.49   146  470   35.71  10.64   56.4   47   3   0   3  -1    2452143.2375  20010821_174157  FW 21
 29  0.2263  0.52  -369  541   39.90 -29.61   87.3   42   2   1   1   0      NEW
 30  0.0981  0.36   492  585   42.21  43.07    8.8   36   2   0   1   0      NEW
 31  0.2659  0.14   262  697   52.11  26.01  -16.5   88   1   1   0   0    2452143.2375  20010821_174157  FW 23

Ha Filament statistics for:
               Date : 20010824_163023
        Julian Date : 2452146.1878
        Observatory : BBSO
Sun radius [pixels] :  970.00
Sun radius [arcsec] :  949.30
         Area Units : millihemisphere
       Length Units : milliRs

  #   Area   A_rat   Xp   Yp    Lat   Long     Ang  Len #Brb #L  #R Chir   Track: jday   YYYYMMDD_hhmmss  FW/MR/SP
--------------------------------------------------------------------------------------------------------------------
  1  0.4696  0.12   186 -791  -47.74  16.52  -17.1  129   4   2   2   0      NEW
  2  0.1610  0.48    40 -803  -48.65   3.57  -62.6   38   3   3   0   1      NEW
  3  0.2832  0.14  -663 -517  -27.80 -50.43  -72.2  136   1   1   0   0    2452145.1504  20010823_153636  FW  4
  4  0.1154  0.49  -414 -538  -27.45 -28.64   -3.5   31   0   0   0   0      NEW
  5  0.1066  0.15  -604 -498  -25.82 -43.62  -83.1   58   1   0   0   0    2452145.1504  20010823_153636  FW  3
  6  0.1137  0.26    71 -473  -22.05   4.51  -78.9   43   5   4   0   1    2452145.1504  20010823_153636  FW  6
  7  0.1664  0.33  -717 -360  -17.35 -50.57  -81.0   98   1   1   0   0    2452145.1504  20010823_153636  FW  8
  8  0.2720  0.07  -450 -260   -9.30 -27.92  -47.3  121   1   0   1   0    2452145.1504  20010823_153636  FW 12
  9  0.3305  0.23  -254 -226   -6.64 -15.22   36.3  151   2   1   1   0    2452145.1504  20010823_153636  FW 13
 10  0.1576  0.14  -546 -176   -4.62 -34.24  -53.1   68   2   1   0   0      NEW
 11  0.4296  0.20   719 -138   -3.45  47.76   22.8   95   3   1   2   0    2452145.1504  20010823_153636  FW 14
 12  1.0021  0.27  -712 -104   -1.36 -47.05  -87.1  143   4   3   0   1      NEW
 13  0.0859  0.42   912    8    2.88  70.04  -23.3   26   1   1   0   0      NEW
 14  0.1499  0.13   639   97   10.98  41.97  -59.7  106   3   2   1   0    2452145.1504  20010823_153636  FW 17
 15  0.0470  0.13   688  138   13.03  46.53  -60.2   39   0   0   0   0    2452145.1504  20010823_153636  FW 16
 16  0.1884  0.33    27  157   16.30   1.65   20.5   46   2   1   1   0    2452145.1504  20010823_153636  FW 19
 17  0.1915  0.17   819  173   13.82  60.17  -51.8   63   2   0   1   0    2452145.1504  20010823_153636  FW 20
 18  0.1431  0.10   560  202   17.62  37.12  -63.1   84   3   2   0   1      NEW
 19  0.8661  0.10  -765  294   21.46 -57.71  -83.1  259   3   1   1   0    2452145.1504  20010823_153636  FW 21
 20  0.1732  0.27   600  227   18.87  40.65  -35.9   53   0   0   0   0    2452145.1504  20010823_153636  MR 22 23
 21  0.1999  0.14   539  312   24.34  37.42  -17.3  145   1   1   0   0    2452145.1504  20010823_153636  SP 22
 22  0.3505  0.29   129  379   29.85   8.78  -29.2  115   3   0   3  -1    2452145.1504  20010823_153636  FW 25
 23  0.1516  0.23   727  567   38.16  72.14  -45.1   54   2   0   1   0    2452145.1504  20010823_153636  FW 27

Ha Filament statistics for:
               Date : 20010826_152632
        Julian Date : 2452148.1434
        Observatory : BBSO
Sun radius [pixels] :  970.00
Sun radius [arcsec] :  949.70
         Area Units : millihemisphere
       Length Units : milliRs

  #   Area   A_rat   Xp   Yp    Lat   Long     Ang  Len #Brb #L  #R Chir   Track: jday   YYYYMMDD_hhmmss  FW/MR/SP
--------------------------------------------------------------------------------------------------------------------
  1  0.3765  0.19   434 -793  -49.88  43.88  -11.0   92   5   0   4  -1    2452147.1696  20010825_160412  MR  3  4
  2  0.0636  0.16   108 -585  -29.91   7.35    1.6   40   2   1   1   0      NEW
  3  0.1401  0.13    40 -514  -24.78   2.59  -74.4   64   3   3   0   1    2452147.1696  20010825_160412  FW  9
  4  0.0595  0.13  -167 -533  -26.25 -11.02   33.6   44   1   1   0   0      NEW
  5  0.1834  0.26  -339 -519  -25.72 -22.74  -51.9  102   5   4   0   1    2452147.1696  20010825_160412  FW  7
  6  0.1245  0.23  -807 -468  -26.35 -68.01  -45.9   47   3   2   1   0      NEW
  7  0.1326  0.33  -387 -411  -18.57 -24.79  -58.8   43   1   1   0   0      NEW
  8  0.1218  0.37  -744 -398  -20.18 -54.62   72.9   36   1   1   0   0    2452147.1696  20010825_160412  FW 10
  9  0.5734  0.15   -19 -313  -11.66  -1.14  -11.8  320   4   1   1   0    2452147.1696  20010825_160412  FW 11
 10  0.7047  0.18  -313 -224   -6.60 -18.87   76.5  184   5   0   4  -1    2452147.1696  20010825_160412  FW 13
 11  0.0372  0.22   848 -236  -10.88  62.68   82.6   26   0   0   0   0      NEW
 12  0.0924  0.29  -232 -220   -6.18 -13.86   -8.4   38   3   2   0   1      NEW
 13  0.1715  0.21   215 -205   -5.24  12.80   28.5   59   4   4   0   1    2452147.1696  20010825_160412  MR 12 14
 14  0.1938  0.22  -791  -53    0.99 -54.43   52.1   63   1   1   0   0      NEW
 15  0.1509  0.13    49   86   12.14   2.95  -46.9  126   2   1   0   0    2452147.1696  20010825_160412  FW 18
 16  1.2480  0.06  -453  259   21.59 -30.02  -63.2  309  12   0   9  -1    2452147.1696  20010825_160412  FW 20
 17  0.4527  0.24   395  156   15.66  24.91  -66.6  141   8   0   6  -1    2452147.1696  20010825_160412  FW 17
 18  0.0934  0.47   152  169   16.98   9.39   78.1   27   0   0   0   0    2452147.1696  20010825_160412  FW 22
 19  0.1025  0.29  -136  208   19.33  -8.51   82.8   39   4   2   1   0    2452147.1696  20010825_160412  FW 24
 20  0.0514  0.15  -672  203   17.00 -46.23   20.9   37   1   0   0   0      NEW
 21  0.0771  0.11   876  254   17.57  71.05  -26.1   53   0   0   0   0      NEW
 22  0.2872  0.13  -720  371   26.54 -55.85  -83.3  170   1   1   0   0    2452147.1696  20010825_160412  FW 30
 23  0.2493  0.29   710  356   25.75  54.14   -5.7  169   4   2   1   0    2452147.1696  20010825_160412  MR 26 27
 24  0.9601  0.13   404  432   32.57  29.50  -11.3  228   3   0   2  -1    2452147.1696  20010825_160412  FW 29
 25  0.2906  0.25  -528  514   37.21 -42.96   66.3  209   1   1   0   0    2452147.1696  20010825_160412  MR 31 32


Ha Filament statistics for:
               Date : 20010828_211720
        Julian Date : 2452150.3870
        Observatory : BBSO
Sun radius [pixels] :  970.00
Sun radius [arcsec] :  950.18
         Area Units : millihemisphere
       Length Units : milliRs

  #   Area   A_rat   Xp   Yp    Lat   Long     Ang  Len #Brb #L  #R Chir   Track: jday   YYYYMMDD_hhmmss  FW/MR/SP
--------------------------------------------------------------------------------------------------------------------
  1  0.2070  0.24  -330 -862  -57.33 -39.00  -26.2   57   1   0   0   0      NEW
  2  0.8806  0.25  -542 -540  -28.30 -39.26   63.7  223   6   4   0   1    2452149.1711  20010827_160626  FW  3
  3  0.0535  0.23   270 -576  -29.55  18.59  -25.3   30   1   1   0   0      NEW
  4  0.4053  0.34   106 -565  -28.40   7.11    7.2  127   5   0   3  -1    2452149.1711  20010827_160626  FW  2
  5  0.1228  0.31   431 -544  -27.88  30.07   14.8   40   1   0   1   0      NEW
  6  0.0514  0.18  -119 -491  -23.21  -7.64   43.2   34   0   0   0   0      NEW
  7  0.4354  0.12   524 -457  -22.28  35.58   37.9  121   3   3   0   1    2452149.1711  20010827_160626  FW  6
  8  0.1133  0.13   784 -433  -23.20  61.38   77.3   61   1   0   0   0      NEW
  9  0.1414  0.50    32 -445  -20.06   2.00    1.6   34   0   0   0   0    2452149.1711  20010827_160626  FW  7
 10  0.2236  0.08  -294 -370  -15.57 -18.26   54.5  115   2   2   0   1    2452149.1711  20010827_160626  FW  8
 11  0.1018  0.15     0 -372  -15.31   0.00   45.0   53   1   1   0   0      NEW
 12  0.1898  0.14  -412 -343  -14.23 -25.88  -11.7   76   2   1   1   0    2452149.1711  20010827_160626  FW 10
 13  0.8359  0.15   550 -321  -13.49  35.53   12.1  380   3   1   0   0    2452149.1711  20010827_160626  MR  9 11
 14  0.8684  0.17   185 -228   -6.53  11.02   56.9  244   3   0   2   1    2452149.1711  20010827_160626  FW 12
 15  0.3434  0.24   241 -233   -6.93  14.43   -1.1  138   2   2   0   1      NEW
 16  0.1066  0.32  -378 -109    0.15 -22.83   15.6   86   2   1   1   0      NEW
 17  0.2703  0.12  -509   58    9.48 -32.00  -72.6  164   2   0   0   0      NEW
 18  0.1495  0.13   553   69    9.91  35.21  -41.2   69   2   1   1   0      NEW
 19  2.6418  0.11   -47  314   25.93  -3.07  -66.4  467  10   2   7  -1    2452149.1711  20010827_160626  FW 14
 20  0.4466  0.16  -758  161   13.85 -53.38   19.0  216   3   1   2   0    2452149.1711  20010827_160626  FW 15
 21  0.3430  0.25   798  166   13.72  57.64  -24.2   73   3   0   3  -1    2452149.1711  20010827_160626  FW 13
 22  0.1688  0.14   593  200   17.40  39.67  -55.2   73   1   1   0   0    2452149.1711  20010827_160626  FW 16
 23  0.3485  0.11  -704  297   22.32 -51.48    5.4  116   5   0   4  -1    2452149.1711  20010827_160626  FW 19
 24  0.1499  0.11  -513  339   26.22 -35.97   61.3   74   1   1   0   0    2452149.1711  20010827_160626  FW 20
 25  0.1631  0.16  -383  346   27.25 -26.26  -65.0   69   5   0   4  -1    2452149.1711  20010827_160626  FW 17
 26  0.1600  0.16  -385  463   34.72 -28.76   82.2   65   4   2   2   0    2452149.1711  20010827_160626  SP 23
 27  0.6330  0.20   672  486   34.11  56.59  -31.7  206   3   1   2   0    2452149.1711  20010827_160626  MR 22 25
 28  0.5203  0.09  -260  464   35.23 -19.08   -0.5  159   4   0   1   0    2452149.1711  20010827_160626  MR 23 24    SP 23
 29  0.0863  0.34  -491  528   38.45 -40.12   71.3   34   1   0   1   0      NEW
 30  0.0893  0.22   551  542   38.93  46.73  -31.5   40   1   1   0   0      NEW
 31  0.2771  0.34   459  637   46.32  43.10   19.1   73   1   0   0   0    2452149.1711  20010827_160626  FW 26
 32  0.1461  0.19   225  725   54.80  23.66   14.1   60   3   1   1   0      NEW


Ha Filament statistics for:
               Date : 20010830_152557
        Julian Date : 2452152.1430
        Observatory : BBSO
Sun radius [pixels] :  970.00
Sun radius [arcsec] :  950.56
         Area Units : millihemisphere
       Length Units : milliRs

  #   Area   A_rat   Xp   Yp    Lat   Long     Ang  Len #Brb #L  #R Chir   Track: jday   YYYYMMDD_hhmmss  FW/MR/SP
--------------------------------------------------------------------------------------------------------------------
  1  1.5592  0.24  -300 -863  -57.03 -34.57  -18.3  232   5   1   1   0    2452151.1508  20010829_153707  MR  2  3
  2  0.8177  0.17  -264 -619  -32.74 -18.81   32.6  221   7   5   1   1    2452151.1508  20010829_153707  SP  4
  3  0.2412  0.20   445 -539  -27.56  31.05   71.0   75   1   1   0   0    2452151.1508  20010829_153707  FW  5
  4  0.0524  0.14   529 -528  -27.30  37.73   72.4   38   1   1   0   0      NEW
  5  0.2054  0.32  -168 -512  -24.69 -10.95  -54.1   53   4   1   1   0    2452151.1508  20010829_153707  SP  4
  6  0.1062  0.08   217 -511  -24.72  14.20    8.1   76   1   1   0   0      NEW
  7  0.1898  0.19   741 -453  -23.98  56.55   31.9   64   3   2   1   0    2452151.1508  20010829_153707  FW  7
  8  0.1411  0.09   324 -438  -20.05  20.75   27.3   79   1   1   0   0    2452151.1508  20010829_153707  FW  9
  9  0.1184  0.48   399 -436  -20.19  25.89   86.8   36   1   1   0   0    2452151.1508  20010829_153707  FW  8
 10  0.1049  0.19  -371 -446  -20.75 -24.05   12.9   49   1   1   0   0      NEW
 11  0.0572  0.17    54 -426  -18.78   3.36   29.2   37   0   0   0   0    2452151.1508  20010829_153707  FW 10
 12  0.2838  0.18   -49 -361  -14.59  -2.98  -17.0   81   4   3   0   1    2452151.1508  20010829_153707  FW 11
 13  0.0805  0.23   485 -329  -13.63  30.84   33.8   37   1   0   0   0    2452151.1508  20010829_153707  SP 12
 14  0.5528  0.19   553 -249   -8.98  35.11   22.5  103   3   1   1   0    2452151.1508  20010829_153707  MR 12 14    SP 12
 15  0.2094  0.14   741 -237   -9.60  50.59  -66.4   80   2   1   1   0    2452151.1508  20010829_153707  SP 13
 16  0.3501  0.34   -33 -229   -6.43  -1.95   13.6   70   2   0   2  -1    2452151.1508  20010829_153707  FW 15
 17  0.3437  0.18   884 -193   -8.72  66.99   46.8   87   1   0   1   0    2452151.1508  20010829_153707  SP 13
 18  0.8028  0.08  -485  124   13.50 -30.81   28.7  323   4   0   3  -1    2452151.1508  20010829_153707  MR 18 21
 19  0.0761  0.12  -728  220   17.59 -51.73  -89.0   51   0   0   0   0      NEW
 20  0.0873  0.34   391  210   18.97  25.12  -50.6   31   2   1   1   0    2452151.1508  20010829_153707  FW 19
 21  0.3342  0.07   -26  283   24.05  -1.67  -56.6  138   3   0   3  -1    2452151.1508  20010829_153707  SP 23
 22  0.1306  0.10  -875  282   19.17 -72.48   75.3   74   1   0   0   0      NEW
 23  0.5386  0.12  -443  257   21.59 -29.29   -3.5  140   5   4   0   1    2452151.1508  20010829_153707  FW 24
 24  0.4550  0.25   314  303   24.85  20.81  -32.8   85   4   0   3  -1    2452151.1508  20010829_153707  SP 25
 25  0.0863  0.15  -190  372   29.45 -12.94   82.6   46   2   1   1   0    2452151.1508  20010829_153707  FW 26
 26  0.8322  0.12   122  480   36.62   8.98  -17.9  322   9   1   7  -1    2452151.1508  20010829_153707  MR 25 28    SP 25
 27  0.1211  0.13   -93  444   34.25  -6.63   85.5   62   2   1   0   0    2452151.1508  20010829_153707  SP 23
 28  0.2585  0.16  -710  556   37.90 -67.81  -77.9   85   2   1   1   0      NEW
 29  0.1928  0.43   616  649   45.34  64.41  -89.9   41   2   1   1   0    2452151.1508  20010829_153707  FW 30
 30  0.0998  0.29   535  685   49.03  57.09   17.4   37   1   1   0   0    2452151.1508  20010829_153707  FW 31
