Ha Filament statistics for:
               Date : 20020801_192955
        Julian Date : 2452488.3124
        Observatory : BBSO
Sun radius [pixels] :  970.00
Sun radius [arcsec] :  945.54
         Area Units : millihemisphere
       Length Units : milliRs

  #   Area   A_rat   Xp   Yp    Lat   Long     Ang  Len #Brb #L  #R Chir   Track: jday   YYYYMMDD_hhmmss  FW/MR/SP
--------------------------------------------------------------------------------------------------------------------
  1  0.1475  0.45   217 -904  -63.70  30.29    1.8   37   1   1   0   0    2452487.1609  20020731_155140  FW  1
  2  1.3711  0.12   465 -669  -38.97  37.96   25.5  528   8   4   3   0    2452487.1609  20020731_155140  MR  2  3  6
  3  0.2365  0.22  -480 -721  -43.78 -43.15   19.2   71   1   1   0   0    2452487.1609  20020731_155140  FW  4
  4  1.0890  0.16   363 -544  -28.74  25.17   28.8  306   4   0   3  -1    2452487.1609  20020731_155140  FW  7
  5  0.0998  0.32    66 -579  -30.68   4.52   54.3   36   1   0   0   0    2452487.1609  20020731_155140  FW  5
  6  2.0488  0.15  -575 -498  -26.49 -41.33  -11.6  395   5   4   0   1    2452487.1609  20020731_155140  FW  9
  7  0.1113  0.13   168 -530  -27.27  11.19   64.1   63   1   0   1   0    2452487.1609  20020731_155140  FW 10
  8  0.1228  0.23    40 -480  -23.71   2.57  -34.7   48   2   2   0   1      NEW
  9  0.1083  0.40   692 -429  -22.54  50.40   76.8  118   0   0   0   0      NEW
 10  0.1086  0.10   -90 -402  -18.58  -5.59   84.1   71   1   1   0   0      NEW
 11  0.0839  0.07   392 -408  -19.53  25.29   52.2   70   0   0   0   0      NEW
 12  0.2737  0.06  -125 -349  -15.22  -7.64   58.6  154   1   1   0   0      NEW
 13  0.1580  0.17   610 -372  -18.14  41.28   34.6  162   1   0   1   0    2452487.1609  20020731_155140  SP 13
 14  0.0453  0.23   859 -348  -19.03  69.31   75.3   28   0   0   0   0      NEW
 15  0.4056  0.12   560 -324  -14.79  36.52  -17.6  148   3   2   1   0    2452487.1609  20020731_155140  MR 15 16
 16  0.1269  0.10   778 -290  -14.12  55.60   67.6   72   0   0   0   0    2452487.1609  20020731_155140  FW 14
 17  0.3992  0.11    57 -266  -10.03   3.41    7.6  120   3   3   0   1    2452487.1609  20020731_155140  FW 17
 18  0.1387  0.51   739 -221   -9.45  50.37   60.6   32   1   0   1   0    2452487.1609  20020731_155140  SP 13
 19  0.2155  0.20  -766 -201   -8.43 -52.77  -43.5   65   3   2   0   1      NEW
 20  0.2964  0.27   913 -174   -8.55  71.91   83.3   67   2   0   1   0    2452487.1609  20020731_155140  FW 20
 21  0.2463  0.18   584 -119   -2.37  36.90   -5.7  156   2   2   0   1    2452487.1609  20020731_155140  FW 22
 22  0.3951  0.13   -84   20    6.98  -4.98  -58.6  114   3   1   2   0    2452487.1609  20020731_155140  FW 24
 23  0.0886  0.28   626   62    8.10  40.51   88.3   37   0   0   0   0      NEW
 24  0.3156  0.05   540  222   17.95  35.66  -30.1  159   5   0   4  -1    2452487.1609  20020731_155140  FW 30
 25  0.2236  0.14   815  229   16.51  60.97    7.8  134   3   1   0   0    2452487.1609  20020731_155140  MR 28 29
 26  0.5711  0.12  -436  408   29.81 -31.08  -19.3  153  10   3   4   0    2452487.1609  20020731_155140  FW 32
 27  0.1543  0.30   611  383   27.37  45.00  -52.3   48   1   0   1   0    2452487.1609  20020731_155140  FW 33
 28  0.1590  0.32   627  525   36.30  53.14  -79.7   48   4   0   2  -1    2452487.1609  20020731_155140  FW 35
 29  0.0842  0.16  -524  646   45.52 -50.29  -35.0   46   1   0   1   0      NEW

Ha Filament statistics for:
               Date : 20020803_155952
        Julian Date : 2452490.1666
        Observatory : BBSO
Sun radius [pixels] :  970.00
Sun radius [arcsec] :  945.77
         Area Units : millihemisphere
       Length Units : milliRs

  #   Area   A_rat   Xp   Yp    Lat   Long     Ang  Len #Brb #L  #R Chir   Track: jday   YYYYMMDD_hhmmss  FW/MR/SP
--------------------------------------------------------------------------------------------------------------------
  1  0.2097  0.41   429 -816  -53.40  47.79   -4.9   48   2   1   1   0    2452489.1688  20020802_160300  SP  3
  2  0.1417  0.39  -266 -747  -44.73 -22.64   84.6   39   1   0   1   0    2452489.1688  20020802_160300  FW  4
  3  0.2145  0.14   635 -680  -41.80  61.28   40.5   80   1   1   0   0    2452489.1688  20020802_160300  SP  3
  4  0.4804  0.28   -27 -623  -33.84  -1.91   69.0  173   3   2   1   0    2452489.1688  20020802_160300  FW  5
  5  0.1472  0.28   444 -655  -37.55  35.16   19.1   46   1   0   1   0      NEW
  6  3.5096  0.11  -259 -549  -28.67 -17.65   -0.3  479   8   7   0   1    2452489.1688  20020802_160300  FW  8
  7  0.8843  0.13   599 -560  -31.13  46.02   18.7  232   5   0   4  -1    2452489.1688  20020802_160300  FW  6
  8  0.1123  0.18  -584 -561  -31.08 -44.53  -73.7   50   1   0   1   0      NEW
  9  0.0853  0.17   326 -491  -24.77  21.64   67.6   47   1   0   1   0      NEW
 10  0.3309  0.21  -599 -379  -18.44 -40.46   67.3  156   3   2   1   0      NEW
 11  0.2547  0.17   845 -305  -15.82  64.67   70.6  245   2   0   1   0    2452489.1688  20020802_160300  FW 15
 12  0.3471  0.10  -426 -320  -13.88 -26.79   82.4  119   2   0   1   0    2452489.1688  20020802_160300  FW 13
 13  0.1296  0.12   300 -326  -13.91  18.50   24.8   67   2   2   0   1    2452489.1688  20020802_160300  FW 14
 14  0.0819  0.14   339 -291  -11.82  20.83    1.3   48   1   0   1   0    2452489.1688  20020802_160300  FW 17
 15  0.0531  0.17   475 -280  -11.56  29.86  -11.3   36   1   0   0   0    2452489.1688  20020802_160300  FW 16
 16  0.0805  0.16   455 -169   -4.74  27.96   -4.1   46   2   1   0   0    2452489.1688  20020802_160300  FW 19
 17  0.2842  0.10   845 -105   -3.29  60.53   89.4  110   2   0   2  -1    2452489.1688  20020802_160300  FW 20
 18  0.0558  0.18  -315  -66    1.75 -18.87  -80.2   35   1   0   1   0      NEW
 19  0.2304  0.31  -732  -65    0.09 -48.80   -3.8   59   2   1   1   0    2452489.1688  20020802_160300  FW 21
 20  0.8194  0.17   338   23    6.94  20.46  -37.1  143   4   0   4  -1    2452489.1688  20020802_160300  FW 22
 21  0.0890  0.10  -261    1    5.80 -15.62   -1.7   61   1   0   0   0      NEW
 22  1.0684  0.35  -886   55    5.66 -66.37  -87.5  253   6   3   2   0      NEW
 23  0.1357  0.10   657  210   16.73  44.83  -37.3   81   1   1   0   0      NEW
 24  0.1830  0.11   810  227   16.52  60.34  -46.5   80   1   0   0   0    2452489.1688  20020802_160300  FW 27
 25  0.1712  0.50    16  229   19.55   1.00   -8.5   50   2   1   1   0    2452489.1688  20020802_160300  FW 25
 26  0.1323  0.25   869  270   18.23  70.34  -57.2  139   1   0   0   0    2452489.1688  20020802_160300  FW 24
 27  0.1553  0.13   561  256   19.99  37.83  -56.6   67   2   1   1   0    2452489.1688  20020802_160300  FW 26
 28  0.1549  0.27  -206  267   21.72 -13.16  -23.2   53   2   0   2  -1      NEW
 29  0.3677  0.19   -89  378   28.76  -5.98  -14.9  164   1   1   0   0    2452489.1688  20020802_160300  FW 29
 30  0.1827  0.32  -175  489   35.96 -12.83  -63.3  132   4   1   1   0      NEW
 31  0.5690  0.15  -295  616   44.71 -25.25   -9.5  178   4   0   3  -1    2452489.1688  20020802_160300  FW 32

Ha Filament statistics for:
               Date : 20020805_170813
        Julian Date : 2452492.2140
        Observatory : BBSO
Sun radius [pixels] :  970.00
Sun radius [arcsec] :  946.03
         Area Units : millihemisphere
       Length Units : milliRs

  #   Area   A_rat   Xp   Yp    Lat   Long     Ang  Len #Brb #L  #R Chir   Track: jday   YYYYMMDD_hhmmss  FW/MR/SP
--------------------------------------------------------------------------------------------------------------------
  1  0.1597  0.19    66 -743  -43.73   5.39   22.4   56   1   0   1   0    2452491.1491  20020804_153438  FW  1
  2  5.4765  0.22   274 -521  -26.58  18.34   -2.1  879  12  11   0   1    2452491.1491  20020804_153438  FW  5
  3  0.0927  0.22  -628 -505  -27.19 -46.55   85.5   43   0   0   0   0      NEW
  4  0.1844  0.28  -232 -456  -22.04 -14.89   75.1   94   2   2   0   1    2452491.1491  20020804_153438  FW  8
  5  0.3495  0.06  -376 -443  -21.54 -24.53  -18.0  174   2   1   0   0    2452491.1491  20020804_153438  FW 10
  6  0.0443  0.15   500 -444  -22.11  33.68   22.0   35   0   0   0   0    2452491.1491  20020804_153438  FW  9
  7  0.3072  0.17    25 -294  -11.47   1.50   74.8  144   2   2   0   1    2452491.1491  20020804_153438  FW 12
  8  0.0927  0.22  -294 -146   -2.81 -17.59   33.5   42   1   0   0   0      NEW
  9  0.0829  0.13   260 -103   -0.19  15.48   40.8   50   1   0   1   0    2452491.1491  20020804_153438  FW 16
 10  0.6922  0.28   756   54    6.99  51.53    8.4  137   6   5   0  -1    2452491.1491  20020804_153438  FW 19
 11  0.4533  0.25   380  300   23.48  25.18  -78.4  189   2   1   1   0    2452491.1491  20020804_153438  SP 23
 12  0.2632  0.40  -646  291   21.73 -45.62   10.2   97   2   0   1   0      NEW
 13  0.3755  0.51  -535  317   23.92 -36.96    3.4   53   0   0   0   0    2452491.1491  20020804_153438  FW 24
 14  0.3515  0.16    47  361   27.84   3.13  -34.8   96   3   2   1   0    2452491.1491  20020804_153438  FW 26
 15  0.2676  0.33   277  379   28.69  18.92    1.6  101   4   2   2   0    2452491.1491  20020804_153438  MR 23 25    SP 23
 16  0.9462  0.15  -745  460   31.11 -63.55  -81.3  186   3   2   1   0    2452491.1491  20020804_153438  FW 28
 17  0.1576  0.27  -233  543   39.72 -18.13   -0.7   56   1   0   0   0      NEW
 18  1.0041  0.19   -15  615   45.28  -1.25    4.8  301   9   1   5  -1    2452491.1491  20020804_153438  FW 29

Ha Filament statistics for:
               Date : 20020807_154656
        Julian Date : 2452494.1576
        Observatory : BBSO
Sun radius [pixels] :  970.00
Sun radius [arcsec] :  946.30
         Area Units : millihemisphere
       Length Units : milliRs

  #   Area   A_rat   Xp   Yp    Lat   Long     Ang  Len #Brb #L  #R Chir   Track: jday   YYYYMMDD_hhmmss  FW/MR/SP
--------------------------------------------------------------------------------------------------------------------
  1  0.1157  0.35     1 -698  -39.61   0.08   24.5   39   2   0   2  -1      NEW
  2  0.1434  0.28    70 -641  -34.99   5.04   37.6   75   1   1   0   0    2452493.1923  20020806_163654  FW  3
  3  0.3610  0.16  -293 -487  -24.16 -19.26   58.7   93   4   3   0   1    2452493.1923  20020806_163654  FW  4
  4  0.5460  0.25   179 -473  -22.97  11.52   38.2  107   5   3   0   1    2452493.1923  20020806_163654  FW  5
  5  0.2757  0.08     6 -457  -21.76   0.38  -14.8  184   1   0   1   0      NEW
  6  0.2838  0.14   444 -305  -12.77  27.88   68.8   89   2   2   0   1    2452493.1923  20020806_163654  FW  6
  7  0.0947  0.24  -217 -321  -13.19 -13.23   32.5   42   1   1   0   0      NEW
  8  1.2981  0.18  -817   50    6.29 -57.70   82.9  381   2   1   1   0    2452493.1923  20020806_163654  FW 16
  9  0.2067  0.15  -140   34    8.16  -8.35  -30.7   71   1   0   1   0    2452493.1923  20020806_163654  FW 14
 10  0.2733  0.28   890   79    7.09  67.36   57.0  123   1   0   1   0    2452493.1923  20020806_163654  FW 13
 11  0.0900  0.29  -906  167   11.85 -72.36   36.5   36   1   0   0   0      NEW
 12  0.0616  0.23  -564  208   17.32 -37.36   17.9   31   1   1   0   0    2452493.1923  20020806_163654  FW 17
 13  0.1066  0.22  -321  261   21.38 -20.73   13.0   51   2   1   1   0    2452493.1923  20020806_163654  FW 19
 14  0.4716  0.22  -152  303   24.26  -9.85  -25.6   97   5   0   4  -1    2452493.1923  20020806_163654  FW 21
 15  0.1641  0.26   691  330   23.83  50.95  -16.2   49   0   0   0   0    2452493.1923  20020806_163654  FW 18
 16  0.1052  0.22   449  349   26.38  30.98  -25.5   44   1   0   1   0    2452493.1923  20020806_163654  FW 22
 17  3.5535  0.22  -488  459   33.19 -36.81  -27.9  312   7   0   6  -1    2452493.1923  20020806_163654  SP 24
 18  0.3495  0.21   600  395   28.47  44.54    8.6   85   2   1   1   0    2452493.1923  20020806_163654  FW 23
 19  0.1269  0.42   473  507   36.44  37.17  -61.3   37   1   0   1   0    2452493.1923  20020806_163654  FW 25
 20  0.2622  0.30  -618  525   36.62 -52.35   81.2   75   2   0   2  -1    2452493.1923  20020806_163654  SP 24
 21  0.9567  0.14   292  580   42.31  23.93  -12.1  242   4   1   2   0    2452493.1923  20020806_163654  FW 26


Ha Filament statistics for:
               Date : 20020809_161105
        Julian Date : 2452496.1744
        Observatory : BBSO
Sun radius [pixels] :  970.00
Sun radius [arcsec] :  946.60
         Area Units : millihemisphere
       Length Units : milliRs

  #   Area   A_rat   Xp   Yp    Lat   Long     Ang  Len #Brb #L  #R Chir   Track: jday   YYYYMMDD_hhmmss  FW/MR/SP
--------------------------------------------------------------------------------------------------------------------
  1  0.9906  0.19   542 -550  -29.65  39.88   52.7  235   3   2   1   0    2452495.1819  20020808_162152  FW  1
  2  0.1296  0.17   429 -455  -22.33  28.45   -3.9  116   1   0   1   0    2452495.1819  20020808_162152  FW  2
  3  0.0501  0.14  -283 -413  -19.07 -17.91  -81.9   38   0   0   0   0      NEW
  4  0.0792  0.19   598 -393  -19.06  40.56   69.1   41   1   1   0   0      NEW
  5  0.0484  0.18   192 -341  -14.28  11.74   73.0   34   0   0   0   0    2452495.1819  20020808_162152  FW  3
  6  0.2666  0.28   785 -243  -10.91  55.30   66.3  154   2   2   0   1    2452495.1819  20020808_162152  FW  6
  7  0.1079  0.10   422 -289  -11.59  26.26   10.9   69   2   1   1   0      NEW
  8  0.1377  0.30  -363 -265   -9.93 -22.23    6.8   52   2   2   0   1    2452495.1819  20020808_162152  FW  5
  9  1.0778  0.11  -204 -159   -3.19 -12.10   23.0  262   7   6   0   1    2452495.1819  20020808_162152  FW  7
 10  0.0480  0.13   552 -190   -6.06  34.76  -17.9   39   2   0   1   0      NEW
 11  1.9398  0.09  -464   44    8.16 -28.77   68.0  673   9   0   6  -1    2452495.1819  20020808_162152  MR  8 11 14
 12  0.1370  0.30  -695 -166   -5.43 -45.85  -23.3   45   2   2   0   1      NEW
 13  0.2977  0.19   401  -25    4.31  24.38  -18.3  117   2   1   1   0    2452495.1819  20020808_162152  FW  9
 14  0.0345  0.16  -132    8    6.76  -7.84   73.5   28   0   0   0   0      NEW
 15  1.4726  0.26  -780   60    7.29 -53.95  -31.1  164   2   2   0   1    2452495.1819  20020808_162152  FW 12
 16  0.1319  0.27   837   84    8.12  60.42  -22.9   44   2   1   0   0      NEW
 17  0.1698  0.28  -630  146   13.40 -41.71   61.8   47   1   1   0   0      NEW
 18  0.1194  0.14  -138  179   16.86  -8.51  -38.4   59   0   0   0   0      NEW
 19  0.1147  0.25   129  179   16.87   7.95   30.4  104   0   0   0   0      NEW
 20  0.7439  0.12  -787  306   21.57 -60.51   78.8  167   2   1   0   0    2452495.1819  20020808_162152  FW 20
 21  0.0430  0.16  -563  265   20.83 -38.23  -12.6   32   0   0   0   0      NEW
 22  4.9145  0.18    90  382   29.40   6.09   -6.8  635   4   1   2   0    2452495.1819  20020808_162152  MR 17 18 19
 23  0.2169  0.33   731  387   26.98  57.52   23.1   50   1   0   0   0    2452495.1819  20020808_162152  FW 22
 24  1.2977  0.32  -118  407   30.98  -8.12  -73.9  225   6   3   2   0    2452495.1819  20020808_162152  SP 19
 25  0.1350  0.25   834  417   27.23  74.96  -27.7   49   2   0   2  -1    2452495.1819  20020808_162152  FW 21
 26  0.1052  0.28   679  423   29.68  53.47    1.3   40   2   1   1   0      NEW
 27  0.1428  0.40  -258  470   34.89 -18.85  -81.7   36   1   0   1   0    2452495.1819  20020808_162152  SP 19
 28  0.1025  0.48   710  528   35.85  64.33  -29.2   30   1   0   1   0    2452495.1819  20020808_162152  FW 23
 29  0.2023  0.46  -420  532   38.51 -33.47   -5.0  146   2   1   0   0      NEW
 30  0.1001  0.43   629  571   39.60  57.12   38.3   31   2   0   1   0    2452495.1819  20020808_162152  FW 24

Ha Filament statistics for:
               Date : 20020811_154737
        Julian Date : 2452498.1581
        Observatory : BBSO
Sun radius [pixels] :  970.00
Sun radius [arcsec] :  946.90
         Area Units : millihemisphere
       Length Units : milliRs

  #   Area   A_rat   Xp   Yp    Lat   Long     Ang  Len #Brb #L  #R Chir   Track: jday   YYYYMMDD_hhmmss  FW/MR/SP
--------------------------------------------------------------------------------------------------------------------
  1  0.1424  0.38  -496 -636  -35.95 -39.05  -77.0   38   1   1   0   0      NEW
  2  0.1076  0.46  -419 -611  -33.45 -31.07   21.9   31   1   0   0   0      NEW
  3  0.3650  0.31  -553 -531  -28.24 -40.19   63.4   70   2   0   1   0    2452497.1554  20020810_154347  FW  1
  4  0.2713  0.23   487 -510  -26.31  33.94   37.6   69   3   1   1   0      NEW
  5  0.3062  0.21  -714 -492  -26.88 -55.44   74.0   76   2   0   2  -1      NEW
  6  0.2179  0.19   191 -491  -23.98  12.40   26.8   76   2   2   0   1    2452497.1554  20020810_154347  FW  2
  7  0.1045  0.51  -186 -458  -21.74 -11.87  -51.4   26   2   2   0   1    2452497.1554  20020810_154347  SP  3
  8  0.1147  0.19  -101 -415  -18.80  -6.29   51.8   50   1   0   0   0    2452497.1554  20020810_154347  SP  3
  9  0.1292  0.28   625 -303  -13.33  41.30   43.3  135   3   1   2   0      NEW
 10  0.5555  0.09  -264 -227   -7.27 -15.85  -56.9  156   2   2   0   1    2452497.1554  20020810_154347  FW  5
 11  0.9259  0.09   161 -242   -8.02   9.61   28.2  274   5   3   2   0    2452497.1554  20020810_154347  MR  4  6
 12  0.1610  0.13  -649 -138   -3.36 -41.91   76.8   73   1   1   0   0    2452497.1554  20020810_154347  FW  9
 13  0.2507  0.26   -78 -143   -2.00  -4.59   82.1   64   3   0   3  -1    2452497.1554  20020810_154347  SP  8
 14  0.0650  0.11   804  -82   -1.22  55.79  -64.7   47   1   0   0   0      NEW
 15  0.0419  0.19   414  -32    3.96  25.22   -0.0   29   0   0   0   0      NEW
 16  0.4486  0.16   -31   32    8.34  -1.84   51.8  182   3   0   3  -1    2452497.1554  20020810_154347  MR  8 12    SP  8
 17  1.3613  0.12  -407   21    7.10 -24.90  -17.8  236   4   4   0   1    2452497.1554  20020810_154347  FW 11
 18  0.3485  0.14   158   75   10.78   9.50   21.4  160   3   0   2  -1    2452497.1554  20020810_154347  SP  8
 19  0.0558  0.19  -723   89    9.52 -48.89   75.8   35   2   0   2  -1      NEW
 20  0.2263  0.11  -258  133   14.06 -15.84   71.2   94   1   0   0   0    2452497.1554  20020810_154347  FW 14
 21  0.0348  0.23   298  157   15.41  18.50  -53.0   24   0   0   0   0    2452497.1554  20020810_154347  FW 15
 22  0.6133  0.06  -501  261   20.98 -33.44   84.8  235   1   1   0   0    2452497.1554  20020810_154347  FW 16
 23  0.1746  0.21  -656  257   19.88 -45.80  -77.2   73   2   0   1   0      NEW
 24  0.1549  0.22  -764  288   20.82 -57.20   68.8   52   1   1   0   0      NEW
 25  0.0612  0.25  -179  320   25.51 -11.75   89.2   30   1   1   0   0      NEW
 26  0.1099  0.27  -338  593   43.29 -28.50  -27.7   38   1   0   1   0    2452497.1554  20020810_154347  FW 24
 27  0.0447  0.25  -464  622   44.69 -42.14   28.5   30   1   1   0   0      NEW

Ha Filament statistics for:
               Date : 20020813_160105
        Julian Date : 2452500.1674
        Observatory : BBSO
Sun radius [pixels] :  970.00
Sun radius [arcsec] :  947.23
         Area Units : millihemisphere
       Length Units : milliRs

  #   Area   A_rat   Xp   Yp    Lat   Long     Ang  Len #Brb #L  #R Chir   Track: jday   YYYYMMDD_hhmmss  FW/MR/SP
--------------------------------------------------------------------------------------------------------------------
  1  0.1397  0.30   557 -702  -42.34  50.85    1.8   44   3   2   0   1    2452499.1548  20020812_154258  SP  1
  2  1.3397  0.15   745 -528  -30.06  62.37   41.4  188   5   4   0   1    2452499.1548  20020812_154258  MR  1  2    SP  1
  3  0.2074  0.30  -672 -462  -24.19 -49.25  -84.1   51   2   1   1   0      NEW
  4  0.1739  0.29   248 -285  -10.68  15.02   -4.0   48   2   0   1   0    2452499.1548  20020812_154258  FW  3
  5  0.1025  0.12  -789 -260  -11.90 -56.03  -71.6   59   2   0   2  -1      NEW
  6  0.4713  0.17   579 -244   -9.31  37.07   38.1  162   3   1   2   0    2452499.1548  20020812_154258  SP  5
  7  2.0278  0.20   383  -40    3.68  23.20   67.8  447   9   4   5   0    2452499.1548  20020812_154258  MR  7  9 14
  8  0.1891  0.26   661 -138   -3.36  42.87   80.4   58   1   1   0   0    2452499.1548  20020812_154258  SP  5
  9  0.1901  0.12  -727  -51    1.36 -48.37  -84.0   84   2   0   1   0      NEW
 10  0.0629  0.21   767    4    4.27  52.25  -48.9   34   1   1   0   0      NEW
 11  1.0322  0.09    17   15    7.45   1.01  -12.9  283   4   3   0   1    2452499.1548  20020812_154258  MR 11 13
 12  0.0409  0.23   186   11    7.09  11.09   77.3   26   0   0   0   0      NEW
 13  0.3654  0.09   585   78    9.82  37.58   11.3  154   2   0   2  -1    2452499.1548  20020812_154258  FW 16
 14  0.0873  0.14   186   94   11.98  11.25   67.4   50   0   0   0   0      NEW
 15  0.4283  0.19  -455  235   19.69 -29.75   87.0  195   1   0   1   0    2452499.1548  20020812_154258  FW 22
 16  0.1817  0.25  -836  193   14.54 -62.68   15.1   51   1   1   0   0      NEW
 17  0.0917  0.09   -87  215   19.28  -5.43  -58.9   61   1   0   0   0    2452499.1548  20020812_154258  SP 19
 18  0.3559  0.18  -284  229   19.85 -18.06   -8.1   91   2   0   1   0    2452499.1548  20020812_154258  FW 20
 19  0.6895  0.13   -90  315   25.40  -5.87   41.1  152   3   1   1   0    2452499.1548  20020812_154258  SP 19
 20  0.1005  0.18  -200  279   23.05 -12.89  -51.6   48   1   0   1   0    2452499.1548  20020812_154258  FW 23
 21  0.2662  0.19   837  355   23.78  70.30   68.6   76   1   0   0   0    2452499.1548  20020812_154258  FW 24
 22  0.0944  0.37   594  397   28.88  44.20   65.0   32   2   1   1   0      NEW
 23  0.1302  0.33   321  417   31.44  22.73   81.7   70   1   0   0   0      NEW
 24  0.1086  0.35   506  445   32.46  38.04  -77.1   32   1   0   1   0      NEW
 25  0.1177  0.18   443  453   33.31  32.99   -6.6   96   1   0   1   0    2452499.1548  20020812_154258  FW 27
 26  0.1062  0.22   -33  459   34.68  -2.36   11.3   45   2   0   1   0      NEW
 27  0.0880  0.20  -657  494   34.46 -55.03   87.3   43   1   1   0   0    2452499.1548  20020812_154258  FW 29
 28  0.0940  0.48   126  546   40.59   9.81    5.0  104   1   0   0   0    2452499.1548  20020812_154258  FW 28


Ha Filament statistics for:
               Date : 20020815_160418
        Julian Date : 2452502.1697
        Observatory : BBSO
Sun radius [pixels] :  970.00
Sun radius [arcsec] :  947.56
         Area Units : millihemisphere
       Length Units : milliRs

  #   Area   A_rat   Xp   Yp    Lat   Long     Ang  Len #Brb #L  #R Chir   Track: jday   YYYYMMDD_hhmmss  FW/MR/SP
--------------------------------------------------------------------------------------------------------------------
  1  0.1401  0.44  -102 -794  -48.16  -9.05  -13.6   35   0   0   0   0      NEW
  2  0.1719  0.32  -335 -492  -24.21 -22.17   82.9   45   1   0   1   0      NEW
  3  0.6167  0.18  -451 -339  -14.55 -28.59  -77.5  239   1   0   0   0    2452501.1546  20020814_154235  FW  6
  4  0.1069  0.06  -510 -388  -17.97 -33.42   68.9   83   1   0   0   0    2452501.1546  20020814_154235  FW  5
  5  0.0460  0.23   647 -415  -20.65  45.30   46.8   28   0   0   0   0    2452501.1546  20020814_154235  FW  4
  6  0.2395  0.13  -352 -323  -13.20 -21.79  -24.6  138   2   1   0   0    2452501.1546  20020814_154235  FW  9
  7  0.0812  0.18   525 -259   -9.88  33.19   57.3   44   2   2   0   1    2452501.1546  20020814_154235  FW  7
  8  0.1881  0.37   899 -150   -6.50  68.64   67.2  107   2   1   0   0    2452501.1546  20020814_154235  FW 12
  9  1.7683  0.20   761    3    4.32  51.68   73.2  393   4   0   3  -1    2452501.1546  20020814_154235  MR 11 18
 10  0.1570  0.08  -376  -52    3.09 -22.74  -39.6   92   1   0   1   0    2452501.1546  20020814_154235  FW 14
 11  0.5724  0.13   532   17    6.58  33.36   10.4  138   3   2   1   0    2452501.1546  20020814_154235  FW 15
 12  0.3305  0.13   400   43    8.60  24.54  -60.3  104   5   3   2   0    2452501.1546  20020814_154235  SP 16
 13  0.1086  0.08  -203   22    7.81 -12.14   16.0   74   1   0   0   0    2452501.1546  20020814_154235  FW 17
 14  0.0595  0.13  -183  125   13.91 -11.16  -64.6   44   0   0   0   0      NEW
 15  0.1039  0.50   867  114    9.62  64.79   15.7   29   1   0   1   0    2452501.1546  20020814_154235  FW 19
 16  0.0842  0.09  -550  147   14.13 -35.63    1.0   59   1   0   1   0    2452501.1546  20020814_154235  FW 20
 17  0.0927  0.14   -44  199   18.44  -2.73   44.3   53   0   0   0   0      NEW
 18  0.0403  0.18   558  208   17.70  36.99   13.7   29   0   0   0   0    2452501.1546  20020814_154235  FW 21
 19  0.1881  0.24  -292  258   21.68 -18.82  -39.9   57   1   0   1   0      NEW
 20  0.5721  0.21   326  321   25.46  21.76   86.4  197   3   3   0   1    2452501.1546  20020814_154235  SP 16
 21  0.0419  0.21   135  279   23.23   8.67   90.0   28   0   0   0   0      NEW
 22  0.0781  0.21   566  348   26.10  40.36  -43.8   40   1   0   1   0      NEW
 23  1.1915  0.28  -398  478   35.24 -30.04  -73.6  348   9   0   7  -1    2452501.1546  20020814_154235  MR 23 24 25
 24  0.6147  0.32  -602  641   44.79 -60.78    6.4  151   3   0   2  -1    2452501.1546  20020814_154235  FW 26
 25  0.9577  0.13  -442  785   57.77 -58.53    1.1  191   5   0   4  -1      NEW


Ha Filament statistics for:
               Date : 20020817_155842
        Julian Date : 2452504.1658
        Observatory : BBSO
Sun radius [pixels] :  970.00
Sun radius [arcsec] :  947.91
         Area Units : millihemisphere
       Length Units : milliRs

  #   Area   A_rat   Xp   Yp    Lat   Long     Ang  Len #Brb #L  #R Chir   Track: jday   YYYYMMDD_hhmmss  FW/MR/SP
--------------------------------------------------------------------------------------------------------------------
  1  0.2544  0.35    74 -842  -53.32   7.32  -72.9   54   2   1   1   0    2452503.1727  20020816_160845  FW  1
  2  0.1851  0.51   169 -816  -50.61  15.90   14.6   38   1   0   0   0      NEW
  3  0.3708  0.30   169 -684  -38.09  12.75   20.5  154   4   4   0   1    2452503.1727  20020816_160845  FW  2
  4  0.1316  0.52   276 -609  -32.41  19.63   -7.9   32   0   0   0   0      NEW
  5  0.1918  0.13  -684 -527  -28.97 -53.54   81.5   79   1   0   1   0    2452503.1727  20020816_160845  FW  4
  6  0.1143  0.35   406 -521  -26.43  27.77    7.6  123   1   0   1   0    2452503.1727  20020816_160845  FW  3
  7  0.0467  0.22  -213 -441  -20.36 -13.49   77.5   30   0   0   0   0      NEW
  8  0.2097  0.29    -5 -427  -19.24  -0.31    7.5  118   2   1   0   0      NEW
  9  0.7994  0.22    75 -370  -15.59   4.58   83.9  143   6   5   0   1    2452503.1727  20020816_160845  FW  7
 10  0.0467  0.12  -386 -351  -14.99 -24.23  -68.1   39   1   0   0   0      NEW
 11  0.1069  0.11   234 -313  -12.20  14.23   59.4   63   1   1   0   0    2452503.1727  20020816_160845  FW  6
 12  0.1296  0.41  -714 -315  -14.56 -49.33   -5.7   36   2   0   2   1    2452503.1727  20020816_160845  FW  8
 13  0.0995  0.30   160 -206   -5.54   9.50   19.9   42   2   1   1   0      NEW
 14  0.1627  0.12  -909    9    2.91 -69.52   84.8   79   2   0   2  -1      NEW
 15  0.0927  0.28   492   13    6.59  30.57  -20.7   34   0   0   0   0      NEW
 16  0.9408  0.13   810   23    5.08  56.74  -11.7  202   5   4   0   1    2452503.1727  20020816_160845  FW 12
 17  0.1543  0.11  -101   94   12.25  -6.09   77.8   78   3   1   2   0      NEW
 18  0.1810  0.08  -656  144   13.42 -43.87   85.6   93   1   0   1   0    2452503.1727  20020816_160845  FW 18
 19  0.1624  0.26  -315  124   13.69 -19.44   82.2   51   1   0   0   0    2452503.1727  20020816_160845  FW 15
 20  0.1008  0.15  -181  119   13.65 -11.02    4.1   52   0   0   0   0    2452503.1727  20020816_160845  FW 17
 21  0.7456  0.15   169  241   20.97  10.71  -42.2  294   4   0   3  -1    2452503.1727  20020816_160845  MR 20 22
 22  0.2503  0.18  -544  218   18.44 -36.09   72.3  173   0   0   0   0    2452503.1727  20020816_160845  FW 23
 23  0.1370  0.08   364  190   17.48  23.07  -74.0   85   1   0   0   0    2452503.1727  20020816_160845  FW 19
 24  0.1062  0.11  -781  233   17.58 -57.41   63.3   68   0   0   0   0      NEW
 25  0.2297  0.26   644  306   23.10  46.02  -73.5   61   3   1   1   0    2452503.1727  20020816_160845  FW 24
 26  1.2179  0.09  -716  408   28.63 -57.03  -49.8  246   5   0   4  -1    2452503.1727  20020816_160845  FW 25
 27  0.4499  0.21   -21  438   33.48  -1.48  -25.7  143   2   0   2  -1    2452503.1727  20020816_160845  SP 27
 28  0.5135  0.38  -145  532   39.76 -11.17  -13.0  144   2   0   1   0    2452503.1727  20020816_160845  SP 27
 29  0.1695  0.15   647  591   40.90  61.73   -4.1   69   1   0   1   0    2452503.1727  20020816_160845  FW 29
 30  0.9638  0.20  -344  626   45.95 -30.56   15.0  155   6   1   4  -1    2452503.1727  20020816_160845  FW 30
 31  0.2165  0.09   113  685   51.40  10.73   30.5   98   3   1   1   0    2452503.1727  20020816_160845  FW 32
 32  1.5812  0.10  -286  769   58.05 -33.76   -5.2  267   9   1   7  -1    2452503.1727  20020816_160845  FW 33


Ha Filament statistics for:
               Date : 20020819_155049
        Julian Date : 2452506.1603
        Observatory : BBSO
Sun radius [pixels] :  970.00
Sun radius [arcsec] :  948.28
         Area Units : millihemisphere
       Length Units : milliRs

  #   Area   A_rat   Xp   Yp    Lat   Long     Ang  Len #Brb #L  #R Chir   Track: jday   YYYYMMDD_hhmmss  FW/MR/SP
--------------------------------------------------------------------------------------------------------------------
  1  0.1401  0.35   398 -802  -50.64  40.23  -71.1   42   1   0   1   0    2452505.1498  20020818_153546  FW  1
  2  0.5081  0.38  -112 -773  -45.90  -9.52   -2.5  196   6   4   1   1    2452505.1498  20020818_153546  FW  2
  3  0.4063  0.24   477 -700  -41.03  40.57   18.9   84   3   2   0   1    2452505.1498  20020818_153546  FW  5
  4  0.1861  0.25  -562 -659  -38.25 -47.41  -18.1   55   1   1   0   0      NEW
  5  0.5007  0.18  -364 -548  -28.12 -25.09   68.7  202   5   4   0   1    2452505.1498  20020818_153546  FW  6
  6  0.1028  0.20   175 -473  -22.36  11.20  -32.0   45   0   0   0   0    2452505.1498  20020818_153546  FW  8
  7  0.0731  0.17    45 -446  -20.42   2.83   49.9   59   1   0   1   0      NEW
  8  0.4432  0.18  -352 -306  -11.97 -21.68   75.5  152   4   2   1   0    2452505.1498  20020818_153546  FW 11
  9  0.0968  0.23   500 -327  -13.85  31.94  -60.6   43   0   0   0   0    2452505.1498  20020818_153546  FW 10
 10  0.1238  0.18   556 -314  -13.32  35.94   76.2   53   1   0   0   0      NEW
 11  0.0365  0.24  -703 -328  -15.25 -48.51   33.1   26   0   0   0   0      NEW
 12  0.0582  0.17   621 -293  -12.39  40.79   66.4   37   1   0   1   0    2452505.1498  20020818_153546  FW 12
 13  0.1749  0.19   576 -202   -6.50  36.55   56.7   59   2   1   1   0    2452505.1498  20020818_153546  FW 14
 14  0.1458  0.22  -912 -147   -6.51 -70.90  -84.1  105   1   0   1   0      NEW
 15  0.5234  0.29  -885  -97   -2.94 -65.77  -19.0  101   2   2   0   1      NEW
 16  0.0562  0.12  -421  -81    1.40 -25.62   65.2   44   0   0   0   0      NEW
 17  0.4625  0.13  -638  -19    4.05 -41.08   59.8  163   4   0   4  -1    2452505.1498  20020818_153546  FW 16
 18  0.2246  0.20   871  -22    1.74  63.71  -15.1   68   4   1   2   0      NEW
 19  0.0602  0.19   465  -19    4.89  28.63  -12.0   38   1   1   0   0    2452505.1498  20020818_153546  FW 17
 20  0.1823  0.18    53   76   11.30   3.18   88.1  102   4   0   4  -1      NEW
 21  3.8925  0.05  -422  371   28.40 -29.52  -56.7  810  11   0  10  -1    2452505.1498  20020818_153546  MR 21 29
 22  0.4395  0.21   559  227   18.97  37.39  -32.5  182   2   1   1   0    2452505.1498  20020818_153546  MR 22 26
 23  0.0568  0.22  -159  195   18.29  -9.90   62.4   32   0   0   0   0    2452505.1498  20020818_153546  FW 24
 24  0.1326  0.14   705  241   18.82  49.96  -84.7   67   0   0   0   0    2452505.1498  20020818_153546  FW 23
 25  0.0741  0.25   -28  287   23.97  -1.80  -28.7   34   1   1   0   0    2452505.1498  20020818_153546  FW 27
 26  0.1840  0.24   397  360   27.81  27.45  -70.9   56   1   1   0   0    2452505.1498  20020818_153546  FW 28
 27  1.0308  0.25  -112  615   45.94  -9.52    2.8  248   5   0   4  -1    2452505.1498  20020818_153546  MR 33 34
 28  0.1570  0.34  -264  636   47.14 -23.51   55.8   45   2   1   0   0    2452505.1498  20020818_153546  FW 35
 29  0.0910  0.25   134  692   52.02  12.93   12.7   43   2   1   1   0      NEW
 30  2.4074  0.16  -115  764   58.45 -13.06   -0.3  314   6   2   3   0    2452505.1498  20020818_153546  FW 37


Ha Filament statistics for:
               Date : 20020821_155109
        Julian Date : 2452508.1605
        Observatory : BBSO
Sun radius [pixels] :  970.00
Sun radius [arcsec] :  948.65
         Area Units : millihemisphere
       Length Units : milliRs

  #   Area   A_rat   Xp   Yp    Lat   Long     Ang  Len #Brb #L  #R Chir   Track: jday   YYYYMMDD_hhmmss  FW/MR/SP
--------------------------------------------------------------------------------------------------------------------
  1  0.2480  0.37   192 -786  -47.35  16.94  -14.6   53   3   1   2   0    2452507.1501  20020820_153606  SP  1
  2  0.4716  0.39   278 -787  -47.88  25.24   78.4  126   3   1   1   0    2452507.1501  20020820_153606  SP  1
  3  0.4540  0.16  -327 -667  -37.07 -24.91  -28.2  186   4   2   1   0    2452507.1501  20020820_153606  FW  2
  4  0.6665  0.51  -557 -688  -40.77 -49.19   -0.2   69   2   0   0   0      NEW
  5  1.6888  0.13    60 -493  -23.51   3.85   72.5  369   6   2   2   0    2452507.1501  20020820_153606  SP  4
  6  0.0995  0.54   465 -593  -31.93  34.28  -80.3   28   2   1   1   0      NEW
  7  0.0514  0.22  -660 -588  -33.41 -54.44   -4.2   31   1   1   0   0      NEW
  8  0.5443  0.38   730 -455  -24.11  55.36  -73.2  127   3   3   0   1    2452507.1501  20020820_153606  FW  6
  9  0.1587  0.31   578 -431  -21.03  39.53   64.4   96   1   1   0   0    2452507.1501  20020820_153606  FW  7
 10  0.0514  0.19   185 -437  -19.89  11.65  -84.2   34   0   0   0   0      NEW
 11  0.0802  0.16  -648 -373  -17.67 -44.35  -20.3   44   1   0   1   0      NEW
 12  0.2784  0.14    88 -281   -9.88   5.26   78.4   89   1   0   1   0    2452507.1501  20020820_153606  SP  4
 13  0.8813  0.17  -557 -168   -4.29 -35.01  -35.3  150  11   5   4   0    2452507.1501  20020820_153606  SP 11
 14  0.0643  0.14  -650 -177   -5.37 -42.13   54.1   46   1   0   0   0    2452507.1501  20020820_153606  MR  9 11    SP 11
 15  0.1083  0.19   103 -171   -3.23   6.08  -83.1   49   1   1   0   0    2452507.1501  20020820_153606  FW 12
 16  0.3745  0.21  -249 -101    0.74 -14.81   74.6  140   3   1   2   0    2452507.1501  20020820_153606  MR 13 14
 17  0.1028  0.43  -435  -87    1.06 -26.53   -4.0   35   0   0   0   0      NEW
 18  0.2991  0.17   164   57   10.17   9.85  -67.1  196   1   0   1   0    2452507.1501  20020820_153606  SP 18
 19  0.1336  0.07  -760   56    7.59 -52.01   79.7   91   4   1   1   0      NEW
 20  0.0639  0.16   469   88   11.23  29.40  -58.1   40   1   1   0   0    2452507.1501  20020820_153606  FW 19
 21  0.1749  0.30   642  137   13.22  42.65   18.0   57   2   1   1   0    2452507.1501  20020820_153606  FW 20
 22  0.6424  0.18  -684  212   17.33 -47.42  -10.7  121   2   0   2  -1    2452507.1501  20020820_153606  FW 24
 23  0.0988  0.38  -838  220   16.22 -63.88   73.0   34   0   0   0   0      NEW
 24  0.3339  0.13   378  284   23.25  24.99    4.5  187   1   0   1   0    2452507.1501  20020820_153606  FW 23
 25  5.3814  0.04  -175  397   30.83 -12.08  -28.3  773  14   0  10  -1    2452507.1501  20020820_153606  SP 18
 26  0.1238  0.38  -734  316   23.03 -55.09  -85.9   99   4   2   2   0    2452507.1501  20020820_153606  FW 26
 27  0.4124  0.21   793  321   22.64  62.11  -23.7   94   3   1   2   0    2452507.1501  20020820_153606  FW 22
 28  0.2916  0.27  -746  410   28.48 -60.81  -71.3   65   4   2   1   0      NEW
 29  0.1380  0.27  -501  528   38.22 -40.95  -18.7   69   2   1   0   0    2452507.1501  20020820_153606  SP 18
 30  0.1468  0.16  -677  570   39.20 -64.02   32.7   60   1   0   1   0      NEW


Ha Filament statistics for:
               Date : 20020823_171805
        Julian Date : 2452510.2209
        Observatory : BBSO
Sun radius [pixels] :  970.00
Sun radius [arcsec] :  949.06
         Area Units : millihemisphere
       Length Units : milliRs

  #   Area   A_rat   Xp   Yp    Lat   Long     Ang  Len #Brb #L  #R Chir   Track: jday   YYYYMMDD_hhmmss  FW/MR/SP
--------------------------------------------------------------------------------------------------------------------
  1  0.1127  0.50   -98 -915  -63.63 -13.13  -83.5   39   2   2   0   1      NEW
  2  0.1803  0.35    67 -916  -63.67   8.95  -18.4   40   1   0   0   0    2452509.1690  20020822_160318  FW  1
  3  0.9111  0.26  -557 -685  -40.45 -48.86   17.2  120   4   2   1   0      NEW
  4  0.2409  0.13  -187 -628  -33.40 -13.30   63.7   90   3   3   0   1    2452509.1690  20020822_160318  FW  3
  5  3.6662  0.06   496 -476  -23.54  33.78   61.1  532   8   6   1   1    2452509.1690  20020822_160318  SP  4
  6  1.2013  0.15  -673 -473  -24.70 -49.63   84.4  322   3   1   2   0    2452509.1690  20020822_160318  FW  7
  7  0.0758  0.10  -351 -406  -18.20 -22.30   11.3   56   0   0   0   0      NEW
  8  0.0788  0.15  -313 -352  -14.61 -19.40   24.7   45   1   0   1   0      NEW
  9  0.1773  0.24  -559 -269  -10.40 -35.72   68.7  119   2   1   1   0      NEW
 10  0.0467  0.16   -70 -277   -9.55  -4.18  -88.0   35   0   0   0   0      NEW
 11  0.3160  0.33   -89 -210   -5.49  -5.26   24.2   60   4   3   0   1    2452509.1690  20020822_160318  MR 10 11
 12  0.2544  0.12  -327 -166   -3.23 -19.65  -57.3   94   1   0   1   0    2452509.1690  20020822_160318  FW  8
 13  0.1438  0.33  -274 -187   -4.37 -16.38  -76.2   77   3   2   0   1    2452509.1690  20020822_160318  FW 13
 14  0.4114  0.23   538 -155   -3.35  33.61  -84.9  149   2   1   1   0    2452509.1690  20020822_160318  SP  4
 15  0.2402  0.40  -130 -160   -2.53  -7.67   -5.3   60   2   1   1   0    2452509.1690  20020822_160318  SP 10
 16  0.1069  0.36  -855 -160   -6.26 -62.24   88.9   35   0   0   0   0      NEW
 17  0.5596  0.32   240  -75    2.36  14.27   84.0  207   6   3   2   0    2452509.1690  20020822_160318  FW 15
 18  0.0978  0.38    44 -114    0.26   2.59   21.0   31   1   0   0   0    2452509.1690  20020822_160318  FW 14
 19  0.5991  0.12   631   -1    5.26  40.62  -73.6  198   1   0   1   0    2452509.1690  20020822_160318  FW 17
 20  0.2290  0.12  -400   19    7.49 -24.47   87.5   89   4   0   3  -1    2452509.1690  20020822_160318  FW 16
 21  0.2010  0.11   -15   81   11.76  -0.90  -59.5  155   1   0   0   0    2452509.1690  20020822_160318  FW 18
 22  0.1150  0.18   903  155   11.47  71.52   74.7   49   1   0   1   0      NEW
 23  0.7808  0.13  -295  181   17.35 -18.50   -2.4  162   6   1   4  -1    2452509.1690  20020822_160318  FW 20
 24  0.0927  0.27  -696  176   15.17 -47.83  -48.5   37   1   0   1   0      NEW
 25  0.6248  0.10   525  248   20.52  35.15  -52.3  163   3   0   3  -1    2452509.1690  20020822_160318  SP 24
 26  0.6901  0.08  -434  331   25.99 -29.73  -58.5  192   7   0   6  -1    2452509.1690  20020822_160318  FW 22
 27  0.0981  0.14  -593  336   25.44 -42.44  -28.7   56   2   0   2  -1      NEW
 28  0.9878  0.32   449  359   27.66  31.38   -7.8  119   5   0   3  -1    2452509.1690  20020822_160318  SP 24
 29  4.6209  0.06    66  424   32.77   4.62  -18.8  592   9   0   8  -1    2452509.1690  20020822_160318  FW 27
 30  0.1184  0.44  -537  462   33.69 -41.55  -11.1   35   0   0   0   0      NEW
 31  0.3630  0.18  -447  544   39.71 -36.66   17.9   92   4   0   3  -1    2452509.1690  20020822_160318  FW 29
 32  0.1803  0.21  -156  815   63.56 -21.12   -8.7   58   2   1   1   0      NEW


Ha Filament statistics for:
               Date : 20020825_161813
        Julian Date : 2452512.1793
        Observatory : BBSO
Sun radius [pixels] :  970.00
Sun radius [arcsec] :  949.45
         Area Units : millihemisphere
       Length Units : milliRs

  #   Area   A_rat   Xp   Yp    Lat   Long     Ang  Len #Brb #L  #R Chir   Track: jday   YYYYMMDD_hhmmss  FW/MR/SP
--------------------------------------------------------------------------------------------------------------------
  1  0.1187  0.45   121 -919  -64.46  16.80  -14.2   39   1   1   0   0    2452511.1611  20020824_155156  FW  1
  2  0.2263  0.32   466 -783  -49.22  47.26  -69.6   53   1   1   0   0    2452511.1611  20020824_155156  FW  3
  3  0.9473  0.19   644 -605  -34.52  53.54   29.0  301   3   2   1   0    2452511.1611  20020824_155156  SP  5
  4  0.2392  0.13   167 -640  -34.23  11.98   60.9   81   3   2   0   1    2452511.1611  20020824_155156  FW  7
  5  0.4036  0.23   -83 -646  -34.58  -5.94   -0.9  179   3   1   1   0    2452511.1611  20020824_155156  MR  6  8
  6  0.3265  0.27  -503 -634  -35.38 -39.37    9.3  172   2   1   0   0    2452511.1611  20020824_155156  FW  9
  7  1.1022  0.12  -324 -455  -21.30 -20.93   76.1  265   7   0   6  -1    2452511.1611  20020824_155156  FW 10
  8  1.9990  0.26   826 -372  -19.61  64.49   71.9  436   5   2   2   0    2452511.1611  20020824_155156  SP  5
  9  0.1269  0.33  -717 -445  -23.16 -53.34  -87.5   82   2   2   0   1      NEW
 10  0.0582  0.17  -119 -334  -13.06  -7.20   58.3   37   0   0   0   0      NEW
 11  0.2246  0.17  -615 -290  -12.00 -40.24   73.6  127   4   1   0   0      NEW
 12  0.1042  0.29  -479 -310  -12.51 -30.26    8.1   40   1   0   1   0      NEW
 13  0.3545  0.19  -389 -243   -8.01 -23.79   26.4  148   4   2   1   0    2452511.1611  20020824_155156  FW 13
 14  0.1397  0.06  -641 -253   -9.87 -41.96   53.7  101   1   1   0   0      NEW
 15  0.1174  0.09  -152 -244   -7.54  -9.05   43.9   78   1   0   1   0      NEW
 16  0.4692  0.32   358 -211   -5.97  21.69   82.9   88   4   4   0   1    2452511.1611  20020824_155156  FW 15
 17  0.5514  0.19   245 -200   -5.03  14.62   23.4  260   3   2   1   0    2452511.1611  20020824_155156  FW 12
 18  0.2710  0.11   127 -168   -2.94   7.50  -70.4  117   1   0   0   0    2452511.1611  20020824_155156  FW 16
 19  0.1817  0.21  -170 -143   -1.50 -10.05   51.7   59   2   1   0   0      NEW
 20  0.3752  0.28   422 -112   -0.25  25.67   -6.0  126   4   1   1   0    2452511.1611  20020824_155156  FW 18
 21  0.3688  0.17   847  -93   -2.06  60.67   68.8   98   2   1   0   0    2452511.1611  20020824_155156  FW 17
 22  0.2240  0.33  -581  -76    1.18 -36.65    5.1   98   4   2   2   0      NEW
 23  0.2219  0.28   602  -89    0.29  38.20   60.4   54   1   0   0   0      NEW
 24  0.1719  0.40   620  -49    2.55  39.61   -2.9   43   1   0   0   0    2452511.1611  20020824_155156  FW 20
 25  0.3329  0.14    34   12    7.75   2.02  -69.8   97   4   0   3  -1    2452511.1611  20020824_155156  FW 21
 26  0.1752  0.28  -706  137   12.85 -48.09  -16.2  103   3   1   0   0    2452511.1611  20020824_155156  FW 22
 27  1.0822  0.09   234  199   18.61  14.68  -19.7  438   4   1   2   0    2452511.1611  20020824_155156  FW 23
 28  0.1167  0.34   820  238   17.56  62.22  -55.5   38   1   1   0   0    2452511.1611  20020824_155156  SP 24
 29  0.7882  0.18   -71  318   26.08  -4.65  -53.4  245   4   0   4  -1    2452511.1611  20020824_155156  FW 25
 30  0.1867  0.35   786  307   21.98  60.67  -36.7   47   0   0   0   0    2452511.1611  20020824_155156  SP 24
 31  0.2145  0.16  -311  333   26.60 -20.92  -29.1  129   1   0   1   0    2452511.1611  20020824_155156  FW 26
 32  0.1708  0.31  -860  332   22.20 -72.98  -73.5   49   2   0   2  -1      NEW
 33  0.2551  0.44   540  416   30.78  40.23   20.3   54   2   0   1   0    2452511.1611  20020824_155156  SP 28
 34  4.4270  0.10   275  507   38.00  21.00  -18.4  511   9   1   6  -1    2452511.1611  20020824_155156  SP 28
 35  0.7510  0.18  -126  532   40.07  -9.74    2.8  193   5   1   1   0    2452511.1611  20020824_155156  FW 30
 36  0.0961  0.22   281  754   56.97  32.01   15.0   42   3   1   1   0      NEW
 37  0.2013  0.36    16  808   63.23   2.09   22.0   49   3   2   0   1    2452511.1611  20020824_155156  FW 31

Ha Filament statistics for:
               Date : 20020829_161327
        Julian Date : 2452516.1760
        Observatory : BBSO
Sun radius [pixels] :  970.00
Sun radius [arcsec] :  950.29
         Area Units : millihemisphere
       Length Units : milliRs

  #   Area   A_rat   Xp   Yp    Lat   Long     Ang  Len #Brb #L  #R Chir   Track: jday   YYYYMMDD_hhmmss  FW/MR/SP
--------------------------------------------------------------------------------------------------------------------
  1  0.6607  0.13   389 -699  -39.97  31.46   15.3  401   3   2   0   1    2452515.2205  20020828_171731  MR  2  5
  2  0.2304  0.27    95 -679  -37.16   7.04  -22.7   64   3   3   0   1    2452515.2205  20020828_171731  FW  3
  3  1.1797  0.06   475 -471  -22.94  32.00   54.2  298   5   0   5  -1    2452515.2205  20020828_171731  FW  6
  4  0.3789  0.06    -8 -457  -20.84  -0.50   84.4  175   3   2   0   1    2452515.2205  20020828_171731  FW  7
  5  0.1461  0.27  -712 -388  -19.10 -50.79   45.7   46   2   0   1   0    2452515.2205  20020828_171731  FW  8
  6  0.0609  0.11    71 -361  -14.63   4.32  -10.8   48   0   0   0   0      NEW
  7  1.0345  0.17  -627 -256   -9.88 -40.84   61.2  182   4   4   0   1    2452515.2205  20020828_171731  FW 12
  8  0.0944  0.32  -158 -252   -7.94  -9.42  -15.1   36   1   1   0   0      NEW
  9  0.3126  0.12  -837 -200   -8.41 -60.51   69.0  104   1   1   0   0      NEW
 10  0.1363  0.16   292 -193   -4.62  17.50   -5.5   92   1   0   1   0      NEW
 11  0.1208  0.45   832 -205   -8.66  59.97   88.4   32   0   0   0   0      NEW
 12  0.1742  0.09  -576 -117   -1.15 -36.28   88.4   89   3   1   2   0      NEW
 13  0.3907  0.07  -871   50    6.08 -64.31  -66.9  151   1   0   1   0      NEW
 14  0.1813  0.27    54   83   12.02   3.25   -7.2   57   2   1   0   0      NEW
 15  0.0524  0.20   -50   83   12.02  -3.01  -10.7   35   1   0   0   0      NEW
 16  0.1059  0.30  -498  199   17.86 -32.50  -41.2   42   2   1   1   0    2452515.2205  20020828_171731  SP 21
 17  1.1512  0.11  -357  311   25.19 -23.90   -3.8  326   6   0   3  -1    2452515.2205  20020828_171731  SP 21
 18  0.2348  0.31  -551  496   35.90 -44.36  -71.4   54   2   1   1   0    2452515.2205  20020828_171731  FW 29
 19  0.2182  0.19   496  557   40.39  42.02   16.8  160   2   1   1   0    2452515.2205  20020828_171731  MR 30 31
 20  0.1201  0.32   348  815   62.03  49.77  -14.4   42   1   0   1   0      NEW

Ha Filament statistics for:
               Date : 20020831_003129
        Julian Date : 2452517.5219
        Observatory : BBSO
Sun radius [pixels] :  970.00
Sun radius [arcsec] :  950.59
         Area Units : millihemisphere
       Length Units : milliRs

  #   Area   A_rat   Xp   Yp    Lat   Long     Ang  Len #Brb #L  #R Chir   Track: jday   YYYYMMDD_hhmmss  FW/MR/SP
--------------------------------------------------------------------------------------------------------------------
  1  0.2662  0.31   485 -704  -41.23  41.56   15.5  136   3   2   1   0    2452517.1613  20020830_155217  MR  3  4
  2  0.2531  0.37   293 -677  -37.52  22.31   -1.9   91   4   3   0   1    2452517.1613  20020830_155217  FW  5
  3  0.1566  0.31   373 -665  -36.92  28.66  -15.5   49   0   0   0   0    2452517.1613  20020830_155217  FW  6
  4  0.3748  0.08   262 -527  -25.95  17.42   58.8  142   3   2   1   0    2452517.1613  20020830_155217  FW  9
  5  1.0521  0.05   683 -461  -23.83  50.17   52.4  293   3   2   0   1    2452517.1613  20020830_155217  FW  8
  6  0.0562  0.18   -14 -531  -25.87  -0.92  -40.1   35   1   1   0   0      NEW
  7  0.0917  0.25  -469 -403  -18.32 -30.50   26.2   39   1   1   0   0    2452517.1613  20020830_155217  FW 10
  8  0.3156  0.06   433 -318  -12.70  27.12   34.3  149   1   1   0   0    2452517.1613  20020830_155217  FW 11
  9  0.4080  0.36  -861 -334  -17.60 -68.42  -23.5   72   4   2   2   0      NEW
 10  1.0355  0.16  -376 -271   -9.57 -23.05   51.7  150   4   3   0   1    2452517.1613  20020830_155217  FW 12
 11  0.3907  0.08  -635 -224   -7.94 -41.21   52.0  151   5   4   0   1    2452517.1613  20020830_155217  FW 14
 12  0.1742  0.16   619 -232   -8.33  40.00   79.8   69   1   0   0   0      NEW
 13  0.1093  0.36  -802 -242  -10.58 -57.05  -21.3   34   0   0   0   0      NEW
 14  0.1763  0.15  -293 -109    0.42 -17.50   53.8   67   2   1   0   0    2452517.1613  20020830_155217  FW 17
 15  0.1722  0.21   554  -89    0.65  34.68   22.1  102   2   2   0   1    2452517.1613  20020830_155217  FW 18
 16  0.1871  0.19  -720   68    8.79 -48.49  -18.7   61   2   1   1   0    2452517.1613  20020830_155217  FW 19
 17  0.0934  0.33  -800   55    7.28 -56.03   53.8   36   2   1   0   0      NEW
 18  0.1492  0.20   357   88   11.84  21.99   12.4   54   1   1   0   0    2452517.1613  20020830_155217  FW 20
 19  0.1519  0.34  -240  178   17.46 -14.97  -58.4   45   2   0   1   0    2452517.1613  20020830_155217  FW 22
 20  1.0268  0.07  -132  308   25.53  -8.64   -4.9  284   5   0   3  -1    2452517.1613  20020830_155217  FW 24
 21  0.0626  0.21   701  330   24.34  52.28   30.5   34   1   0   1   0    2452517.1613  20020830_155217  FW 25
 22  0.2666  0.23  -382  533   39.46 -30.56  -15.8  115   0   0   0   0    2452517.1613  20020830_155217  FW 26
 23  0.2970  0.13   626  565   39.70  56.81   23.6   95   2   1   1   0    2452517.1613  20020830_155217  FW 27
